0 0.047156 0.501816 0.094312 0.255991
0 0.540680 0.281344 0.049516 0.041132
0 0.040203 0.282017 0.041688 0.029222
0 0.493109 0.270224 0.077000 0.043231
0 0.361797 0.276557 0.055719 0.045000
2 0.188945 0.268502 0.051109 0.039269
2 0.047875 0.500967 0.095750 0.269528
0 0.225930 0.272182 0.038578 0.031675
0 0.419156 0.287417 0.073406 0.059458
0 0.156156 0.287877 0.056719 0.044198
0 0.267109 0.267028 0.028063 0.017925
0 0.077062 0.270318 0.029187 0.025873
0 0.488055 0.304210 0.094422 0.068797
0 0.040172 0.257677 0.032844 0.014976
0 0.105469 0.262972 0.035937 0.054245