2 0.260641 0.518860 0.095594 0.101053
0 0.720875 0.708180 0.180688 0.139342
0 0.871891 0.685779 0.202562 0.126469
0 0.887805 0.632061 0.192641 0.090263
0 0.558234 0.596502 0.087031 0.071601
0 0.490211 0.586316 0.066453 0.060658
0 0.447547 0.569265 0.060250 0.050373
0 0.661719 0.603629 0.114062 0.095461
0 0.240516 0.575493 0.060000 0.066908
0 0.136344 0.481480 0.033437 0.034583
0 0.411703 0.602982 0.074000 0.076711
0 0.086016 0.635987 0.103844 0.091711
0 0.292945 0.431568 0.017203 0.028399
0 0.104391 0.559364 0.049406 0.049474
0 0.242188 0.486842 0.293750 0.210526