0 0.571516 0.722822 0.186219 0.212857
0 0.831023 0.690667 0.045484 0.057775
0 0.334703 0.675433 0.054813 0.040094
0 0.296930 0.678747 0.041266 0.033185
0 0.411273 0.678513 0.037297 0.021054
1 0.735305 0.657927 0.034078 0.041944
2 0.865445 0.677471 0.033078 0.051710
2 0.637820 0.658103 0.033922 0.043841
0 0.707977 0.685293 0.042484 0.051475
0 0.758219 0.669075 0.017406 0.011686
0 0.459156 0.675117 0.040344 0.025410
0 0.193945 0.676194 0.037297 0.034169
0 0.866594 0.686745 0.029969 0.032740
0 0.667992 0.671909 0.024391 0.011827
2 0.098523 0.712857 0.197047 0.195831
0 0.479492 0.678595 0.020422 0.022670
2 0.808359 0.676593 0.024438 0.037869
0 0.459375 0.708431 0.918750 0.194379