0 0.239367 0.783444 0.057141 0.069388
0 0.227672 0.779136 0.044812 0.070718
1 0.468914 0.726316 0.036453 0.076995
2 0.792594 0.761755 0.039344 0.098936
2 0.756195 0.782699 0.032984 0.052207
2 0.624305 0.754282 0.030047 0.044894
2 0.596273 0.745944 0.019859 0.037527
2 0.538758 0.730811 0.014047 0.054069
0 0.367453 0.745519 0.019375 0.029867
0 0.571000 0.752540 0.022219 0.034122
0 0.554203 0.746223 0.022469 0.032234
0 0.604320 0.754388 0.020422 0.030053
0 0.736062 0.773989 0.032125 0.048723
0 0.646000 0.760093 0.019500 0.034495
0 0.656680 0.760359 0.014891 0.037420
0 0.515781 0.747340 0.013375 0.024787
0 0.621609 0.754668 0.033313 0.042261
0 0.698438 0.761769 0.021906 0.039229
2 0.863313 0.750465 0.109344 0.135931
0 0.752117 0.779947 0.022922 0.053138
0 0.564063 0.751330 0.675000 0.151596