0 0.711875 0.526115 0.064375 0.071854
0 0.666766 0.437723 0.043375 0.049061
0 0.396844 0.385000 0.049125 0.049202
0 0.330891 0.391772 0.037469 0.049742
0 0.670344 0.353885 0.027594 0.039319
0 0.459117 0.331373 0.018484 0.024108
2 0.629062 0.339554 0.055094 0.121033
2 0.970945 0.695387 0.056828 0.369695
2 0.437719 0.308369 0.026281 0.055282
2 0.384055 0.343146 0.050422 0.068732
2 0.463641 0.299695 0.020781 0.039859
2 0.491859 0.291984 0.014188 0.027066
2 0.736437 0.410235 0.053094 0.067887
0 0.267727 0.535059 0.066234 0.077394
0 0.438250 0.346033 0.023656 0.036056
0 0.487914 0.312312 0.011984 0.017160