0 0.213680 0.903156 0.258453 0.173437
0 0.738078 0.806542 0.058437 0.054500
0 0.690039 0.878906 0.110828 0.129521
0 0.965773 0.816208 0.066641 0.081750
0 0.253625 0.793750 0.143313 0.060125
0 0.814820 0.805635 0.054734 0.050063
0 0.663688 0.801708 0.041125 0.050542
0 0.646867 0.776542 0.023453 0.020500
0 0.836445 0.780594 0.026672 0.023854
0 0.767055 0.781917 0.057578 0.036083
0 0.603273 0.786583 0.075766 0.061250
0 0.858031 0.801625 0.037375 0.025917
0 0.585562 0.799750 0.062250 0.079125
0 0.466406 0.776042 0.889062 0.093750