0 0.680563 0.363502 0.045906 0.056728
0 0.746109 0.367154 0.052500 0.053111
0 0.855367 0.348618 0.054922 0.033917
0 0.377969 0.351325 0.052844 0.037903
0 0.096992 0.358859 0.029766 0.047120
0 0.600461 0.356855 0.029266 0.023018
0 0.214117 0.359781 0.068734 0.053387
0 0.125070 0.360887 0.034328 0.030760
2 0.172867 0.356694 0.049141 0.044585
2 0.649836 0.355945 0.047609 0.048018
2 0.968641 0.354631 0.043438 0.070230
2 0.474789 0.355922 0.032516 0.066037
0 0.263344 0.367707 0.029656 0.053618
0 0.063281 0.345622 0.045312 0.036866