0 0.064172 0.708323 0.055563 0.056266
0 0.140141 0.701076 0.076156 0.053734
0 0.920703 0.687896 0.033594 0.075601
0 0.893570 0.666883 0.025734 0.047816
0 0.196469 0.695111 0.034500 0.035158
0 0.281414 0.682389 0.056828 0.046487
0 0.101469 0.704684 0.031656 0.055443
0 0.554383 0.656535 0.023484 0.017437
1 0.163984 0.665839 0.087250 0.087753
1 0.253234 0.645791 0.069219 0.047658
2 0.224437 0.682627 0.058625 0.048544
2 0.078242 0.651788 0.078203 0.058829
0 0.610766 0.675396 0.035875 0.041487
0 0.369141 0.675475 0.029531 0.023165
0 0.230000 0.674051 0.048344 0.036392
0 0.228125 0.689051 0.021313 0.035000