0 0.712297 0.787243 0.146875 0.100794
0 0.668602 0.737196 0.144266 0.065374
0 0.645461 0.721881 0.152922 0.079696
0 0.290406 0.803750 0.070656 0.089556
0 0.276102 0.738002 0.057203 0.075023
0 0.286461 0.749685 0.065172 0.067126
0 0.671047 0.760152 0.104062 0.085257
0 0.622789 0.684813 0.124172 0.058925
0 0.455953 0.473470 0.451937 0.501706
2 0.480734 0.483329 0.077719 0.041752
2 0.577984 0.614801 0.107156 0.065958
2 0.463336 0.414661 0.071766 0.033808
2 0.608836 0.639171 0.159359 0.080771
2 0.438469 0.434287 0.096469 0.049042