0 0.538078 0.908115 0.021469 0.017916
0 0.563289 0.911920 0.023234 0.011522
0 0.589602 0.913349 0.029516 0.015316
0 0.248883 0.881335 0.023984 0.024731
0 0.647695 0.915105 0.023797 0.012881
0 0.621961 0.916569 0.022016 0.012717
0 0.479094 0.904684 0.017875 0.012646
0 0.364508 0.894391 0.017266 0.010890
0 0.502961 0.906733 0.021234 0.013091
0 0.317672 0.891604 0.019813 0.010656
0 0.213703 0.884614 0.013156 0.007869
0 0.341656 0.895117 0.022125 0.010937
0 0.072883 0.865773 0.013359 0.006440
0 0.509375 0.899297 0.978125 0.098361