1 0.346773 0.453724 0.055078 0.077190
0 0.059891 0.545726 0.117438 0.129297
0 0.138523 0.525796 0.047547 0.067986
0 0.662313 0.636030 0.675375 0.246628
0 0.301453 0.496323 0.032219 0.036581
0 0.313422 0.491710 0.024688 0.036721
0 0.170273 0.522260 0.035172 0.060820
0 0.196703 0.519333 0.034250 0.059461
0 0.116594 0.527447 0.028250 0.074005
0 0.209234 0.509930 0.045062 0.061967
0 0.241016 0.512319 0.023719 0.050398
0 0.412156 0.480117 0.025812 0.017190
0 0.255656 0.510515 0.021750 0.046464
0 0.447844 0.494403 0.039813 0.050726