1 0.507594 0.785896 0.199375 0.267458
0 0.161391 0.855490 0.123344 0.109896
0 0.235070 0.880531 0.139203 0.139646
0 0.408539 0.894323 0.145828 0.131812
0 0.341641 0.843854 0.041625 0.051250
0 0.717992 0.819677 0.026922 0.058146
0 0.989031 0.818969 0.020969 0.018271
0 0.952328 0.867083 0.095344 0.099250
0 0.077828 0.888521 0.155656 0.119292
0 0.643836 0.807375 0.046672 0.044542
0 0.878914 0.822396 0.084797 0.089333
0 0.928445 0.809104 0.025203 0.021792
0 0.950508 0.790385 0.035984 0.014271
0 0.734773 0.779115 0.017766 0.008271
0 0.639844 0.805208 0.098437 0.039583