0 0.519305 0.508753 0.018422 0.022118
0 0.490867 0.510306 0.021297 0.023153
0 0.467125 0.510682 0.020375 0.025929
0 0.989398 0.642329 0.021203 0.052800
0 0.434172 0.508553 0.024594 0.032353
2 0.559531 0.630035 0.049094 0.087506
2 0.616141 0.626988 0.044438 0.085412
2 0.077906 0.639424 0.078750 0.093435
2 0.214031 0.639588 0.049281 0.075506
2 0.500383 0.631129 0.054859 0.079388
2 0.443023 0.633706 0.058453 0.079035
2 0.374547 0.637459 0.056937 0.071341
2 0.686398 0.640047 0.043828 0.067529
0 0.407523 0.510447 0.022766 0.025412
0 0.202539 0.503212 0.049109 0.032118
1 0.028422 0.550176 0.056844 0.070329
1 0.132945 0.553212 0.047297 0.073247
1 0.182836 0.550094 0.050797 0.077412
1 0.233867 0.548835 0.045484 0.071271
1 0.286289 0.544129 0.052797 0.069576
1 0.415656 0.552459 0.041500 0.065012
1 0.520500 0.539965 0.040156 0.047882
1 0.667008 0.544471 0.053266 0.082165
1 0.614008 0.543212 0.046297 0.078753
2 0.020680 0.637106 0.041359 0.079247
0 0.156328 0.496106 0.028687 0.031224
1 0.081625 0.549329 0.051969 0.074753
1 0.328336 0.554200 0.051359 0.067412
1 0.569703 0.538376 0.037437 0.041318
2 0.146320 0.634647 0.068266 0.095788
1 0.475008 0.555447 0.037078 0.070000
2 0.702883 0.636659 0.004297 0.040894
0 0.081547 0.502106 0.024188 0.036400
0 0.106320 0.492529 0.021047 0.020400
0 0.054281 0.496106 0.026312 0.019788
2 0.313328 0.638012 0.062313 0.079129
2 0.753094 0.630494 0.038812 0.081835
2 0.942969 0.649412 0.035937 0.075294
0 0.496094 0.623529 0.982812 0.451765
1 0.717969 0.528235 0.067187 0.105882