0 0.129688 0.572000 0.129312 0.047458
0 0.856102 0.576094 0.042953 0.039854
0 0.833063 0.566177 0.084687 0.043396
0 0.834648 0.571198 0.052578 0.035312
0 0.190539 0.560490 0.046953 0.027104
0 0.708234 0.543844 0.050062 0.015063
0 0.748781 0.545312 0.042312 0.017583
0 0.975953 0.581167 0.048094 0.055333
0 0.744320 0.570135 0.069141 0.029479
0 0.189062 0.547698 0.031875 0.017479
0 0.723945 0.549104 0.019734 0.021583
0 0.697609 0.566396 0.049625 0.027750
0 0.799914 0.566990 0.049047 0.047396
0 0.566406 0.570833 0.804688 0.070833