0 0.300617 0.459385 0.050453 0.049813
0 0.294773 0.433240 0.044672 0.039896
0 0.279719 0.422604 0.040563 0.064167
0 0.145586 0.445615 0.048391 0.045188
0 0.142187 0.408813 0.029969 0.027042
0 0.923234 0.678083 0.153531 0.180167
0 0.860203 0.656833 0.133719 0.160458
0 0.400836 0.594885 0.063828 0.079229
0 0.052906 0.557187 0.067500 0.050458
0 0.341305 0.605708 0.022641 0.055500
0 0.355188 0.604448 0.028000 0.054146
0 0.420781 0.604750 0.029469 0.069958
0 0.475047 0.587135 0.094125 0.121104
0 0.270313 0.354167 0.537500 0.600000