0 0.216980 0.942680 0.065160 0.077360
0 0.265030 0.923867 0.044260 0.054187
0 0.522860 0.943640 0.075040 0.103600
0 0.489210 0.870987 0.028140 0.032853
0 0.168520 0.942707 0.044720 0.063120
0 0.795430 0.765120 0.409140 0.469760
0 0.299490 0.878267 0.030140 0.035147
0 0.279680 0.890067 0.045720 0.035920
0 0.401680 0.891920 0.055400 0.030667
0 0.511290 0.903720 0.056140 0.041627
2 0.390090 0.845213 0.024660 0.032880
2 0.217040 0.942293 0.066040 0.078027
0 0.141170 0.921480 0.029700 0.020827
2 0.382850 0.948667 0.097780 0.098667