0 0.358550 0.942342 0.278700 0.115315
0 0.539780 0.914580 0.207720 0.170841
0 0.418290 0.810240 0.105420 0.118198
0 0.701320 0.908754 0.130040 0.145375
0 0.882250 0.942342 0.235060 0.091772
0 0.553650 0.790916 0.098060 0.104354
0 0.508950 0.777778 0.080580 0.103724
0 0.418970 0.693619 0.063780 0.092643
0 0.486310 0.761952 0.061820 0.098739
0 0.459760 0.714850 0.072120 0.070120
0 0.409570 0.679039 0.055460 0.086547
0 0.354530 0.586997 0.043980 0.027628
0 0.279880 0.504414 0.042600 0.030511
0 0.501000 0.677177 0.994000 0.603604