2 0.443938 0.735740 0.119219 0.091438
0 0.160531 0.770983 0.121625 0.096385
0 0.249000 0.773658 0.072563 0.057505
0 0.304602 0.770423 0.055016 0.054080
0 0.358539 0.761459 0.055953 0.046089
0 0.564609 0.743499 0.035906 0.030085
0 0.584648 0.743214 0.021328 0.024313
0 0.601398 0.739545 0.018578 0.022347
0 0.723180 0.731268 0.017172 0.018055
0 0.704570 0.729947 0.008234 0.013805
0 0.613242 0.736184 0.024359 0.028689
0 0.688586 0.731427 0.016203 0.015962
0 0.695367 0.727992 0.013484 0.017040
0 0.794672 0.767357 0.134313 0.143594
2 0.637711 0.726892 0.031672 0.042199