0 0.136930 0.534687 0.044578 0.041750
0 0.187297 0.527729 0.052656 0.056292
0 0.255086 0.525865 0.044047 0.049063
0 0.786672 0.518042 0.066469 0.060458
0 0.311164 0.526167 0.039703 0.047000
0 0.384031 0.522385 0.042281 0.052104
0 0.430062 0.523594 0.029563 0.031813
0 0.662023 0.522063 0.045078 0.039333
0 0.744625 0.511115 0.062719 0.050604
0 0.620742 0.524021 0.031453 0.038458
0 0.353625 0.532990 0.020906 0.035563
2 0.584242 0.520385 0.049703 0.056146
2 0.254195 0.527010 0.046672 0.050521
2 0.787742 0.517250 0.066797 0.062500