0 0.631461 0.472166 0.046891 0.050422
1 0.514648 0.784110 0.272797 0.431358
1 0.106242 0.703091 0.174078 0.261967
1 0.343172 0.589028 0.118313 0.208173
1 0.632930 0.406827 0.098734 0.078852
1 0.233625 0.671651 0.081781 0.234637
1 0.287000 0.621206 0.086625 0.227190
1 0.425180 0.529227 0.081797 0.135691
1 0.432500 0.490480 0.078000 0.130749
1 0.460617 0.482471 0.074047 0.131639
1 0.575742 0.410094 0.048109 0.074988
1 0.547438 0.443279 0.054000 0.099063
0 0.606547 0.516874 0.061750 0.076604
0 0.663289 0.478244 0.029703 0.061218
0 0.654156 0.430141 0.039438 0.035457
0 0.645727 0.339379 0.016953 0.007330
0 0.478891 0.484215 0.052875 0.124731
0 0.633016 0.490281 0.048094 0.045621
2 0.632125 0.480304 0.044531 0.065059
2 0.716812 0.511112 0.076313 0.116651
2 0.652719 0.434297 0.034906 0.032201
2 0.693320 0.388677 0.031109 0.046300
1 0.384930 0.542237 0.096203 0.136323