0 0.065680 0.599696 0.029141 0.099662
0 0.904797 0.605372 0.044656 0.132905
0 0.757086 0.606926 0.023766 0.102770
0 0.034445 0.598514 0.025016 0.115541
0 0.185133 0.616318 0.054359 0.132770
0 0.016758 0.618581 0.033516 0.138378
0 0.841938 0.541351 0.012438 0.031486
0 0.798203 0.551419 0.009094 0.035270
0 0.773836 0.575541 0.018859 0.066757
1 0.445703 0.596284 0.447656 0.706081
2 0.708141 0.576926 0.082937 0.280878
2 0.097914 0.532500 0.014891 0.075811
0 0.150961 0.591182 0.025734 0.087365
0 0.139844 0.578649 0.018656 0.066622
0 0.786180 0.564155 0.014359 0.059122
0 0.474219 0.584459 0.864062 0.763514