0 0.867461 0.455875 0.187891 0.095406
0 0.761113 0.427594 0.134219 0.093812
0 0.179775 0.489883 0.168535 0.184266
0 0.595781 0.422555 0.076719 0.058297
0 0.474854 0.368945 0.043887 0.031922
0 0.400107 0.338188 0.041230 0.024625
0 0.427207 0.334047 0.025195 0.015188
0 0.443008 0.344062 0.026797 0.017063
0 0.984570 0.488883 0.024688 0.079016
0 0.547324 0.415641 0.037266 0.041031
0 0.488281 0.384953 0.046641 0.025438
0 0.460234 0.362320 0.039102 0.028422
0 0.667207 0.418180 0.100664 0.077922
0 0.587891 0.403125 0.820312 0.212500