0 0.102617 0.482909 0.205234 0.280304
0 0.475727 0.440315 0.050141 0.034977
0 0.621109 0.438516 0.016281 0.058435
0 0.845375 0.433201 0.008625 0.010981
0 0.792672 0.417710 0.007969 0.010000
2 0.247969 0.432208 0.285531 0.182033
0 0.781820 0.443855 0.011891 0.046822
0 0.817945 0.432056 0.011109 0.011776
0 0.850414 0.421799 0.007609 0.009720
0 0.828359 0.413738 0.005156 0.007617
0 0.814867 0.424241 0.007453 0.008528
0 0.801258 0.450829 0.012422 0.014229
0 0.808367 0.420678 0.010859 0.011075
0 0.717969 0.438084 0.226562 0.063084