2 0.291063 0.290408 0.096375 0.134009
0 0.143352 0.336119 0.081609 0.085291
0 0.123117 0.295478 0.067078 0.091515
0 0.146797 0.260629 0.058656 0.072914
0 0.103039 0.236445 0.055172 0.100256
0 0.132312 0.200921 0.049312 0.054429
1 0.253039 0.249895 0.095734 0.193683
0 0.123070 0.057529 0.041328 0.058228
0 0.289227 0.384580 0.099422 0.145245
0 0.581531 0.107960 0.108000 0.069487
0 0.120000 0.121981 0.065906 0.064522
0 0.227242 0.064172 0.098172 0.060420
0 0.719211 0.103531 0.088328 0.056480
0 0.322703 0.325793 0.070000 0.061422