0 0.132437 0.230141 0.081469 0.066511
0 0.195750 0.221663 0.076219 0.071054
0 0.609125 0.223630 0.053562 0.046089
0 0.722500 0.227998 0.057156 0.040164
0 0.464398 0.224602 0.062672 0.039789
0 0.644313 0.221604 0.057250 0.051265
2 0.387305 0.201967 0.098641 0.091475
0 0.564336 0.226054 0.052422 0.041850
0 0.681992 0.225070 0.022172 0.048080
2 0.490242 0.217553 0.075609 0.063115
0 0.052672 0.230972 0.103250 0.073653
0 0.817977 0.233044 0.032203 0.030913
0 0.757938 0.229742 0.023563 0.035785
0 0.014930 0.228396 0.029859 0.055574
0 0.449219 0.209602 0.704688 0.119438