0 0.596102 0.229812 0.300516 0.136875
0 0.210891 0.231969 0.299406 0.136563
0 0.061070 0.259208 0.121766 0.131083
0 0.066234 0.150010 0.129156 0.092479
0 0.335742 0.152542 0.164609 0.123417
0 0.441625 0.228625 0.160844 0.122542
0 0.608266 0.163979 0.193687 0.066583
0 0.118758 0.174521 0.151078 0.089542
0 0.766180 0.184052 0.148484 0.078271
0 0.652844 0.253010 0.166500 0.059729
0 0.830578 0.296323 0.146406 0.145437
0 0.935875 0.242573 0.128062 0.052854
0 0.927867 0.211438 0.144266 0.091000
0 0.560156 0.146875 0.876563 0.131250