0 0.299240 0.494492 0.522188 0.292234
0 0.544229 0.375516 0.100500 0.046375
0 0.831708 0.345961 0.118042 0.038297
0 0.472521 0.356125 0.123792 0.038437
2 0.817979 0.438203 0.311625 0.148313
0 0.963865 0.523164 0.072271 0.092359
0 0.931375 0.329180 0.061333 0.026953
0 0.701021 0.355359 0.139417 0.050500
0 0.980802 0.424117 0.038396 0.103391
0 0.313729 0.345891 0.093417 0.019719
0 0.544615 0.431125 0.161729 0.117406
2 0.299427 0.494172 0.514479 0.290313
0 0.052021 0.392172 0.038375 0.055563
0 0.657896 0.427320 0.132542 0.094984