0 0.878742 0.282518 0.045828 0.026159
0 0.901359 0.275527 0.025625 0.015738
0 0.852648 0.274239 0.033047 0.011850
0 0.850000 0.262260 0.028813 0.019133
0 0.740187 0.278302 0.026281 0.014590
0 0.778492 0.255515 0.034578 0.022225
0 0.967625 0.240059 0.037469 0.021944
0 0.931641 0.278864 0.031969 0.021382
0 0.758219 0.250129 0.031000 0.027096
0 0.888977 0.247553 0.030797 0.015199
0 0.922961 0.241464 0.036859 0.015574
0 0.940070 0.260820 0.012672 0.013724
0 0.803961 0.266475 0.029234 0.023583
0 0.530469 0.183841 0.935937 0.222482