1 0.131977 0.712906 0.079672 0.089979
0 0.102367 0.832708 0.095078 0.088000
0 0.283883 0.800479 0.081953 0.096208
2 0.794766 0.906531 0.410469 0.157646
2 0.037180 0.713469 0.033891 0.043646
0 0.182680 0.810156 0.073484 0.069604
0 0.224797 0.757958 0.057188 0.032833
0 0.077789 0.707219 0.029422 0.036563
0 0.233563 0.782323 0.046656 0.056562
0 0.038375 0.762667 0.039125 0.059625
0 0.205750 0.748479 0.062219 0.049625
0 0.057086 0.727938 0.019609 0.043417
1 0.083297 0.678333 0.032906 0.023583
2 0.161602 0.963594 0.294453 0.072813