0 0.699812 0.740891 0.042125 0.032188
0 0.926430 0.741594 0.040297 0.026562
0 0.604922 0.743281 0.043281 0.029969
0 0.837195 0.785539 0.166359 0.069547
0 0.791711 0.739492 0.033172 0.021203
0 0.854133 0.741375 0.084984 0.027156
0 0.803102 0.748883 0.049359 0.010734
0 0.973281 0.737516 0.042344 0.030219
0 0.750516 0.744844 0.034687 0.024375
0 0.647328 0.742203 0.036375 0.026062
0 0.021125 0.751734 0.033219 0.022281
0 0.817227 0.746883 0.017641 0.011766
2 0.837266 0.785602 0.162719 0.066047
2 0.972070 0.737688 0.038984 0.027219
2 0.602375 0.743258 0.039719 0.029109