0 0.072477 0.432718 0.017766 0.026633
0 0.034594 0.458342 0.061906 0.049401
1 0.745047 0.419115 0.089250 0.101022
2 0.873469 0.489314 0.111563 0.134090
2 0.795367 0.471222 0.085359 0.119900
0 0.221820 0.459476 0.117172 0.053766
0 0.333664 0.426895 0.022766 0.012594
0 0.305117 0.433117 0.030109 0.019501
0 0.293664 0.479264 0.080859 0.090549
0 0.330070 0.448815 0.047141 0.030000
2 0.538266 0.472382 0.087375 0.093940
2 0.389773 0.489975 0.149047 0.151721
2 0.702234 0.451970 0.049281 0.075312
2 0.258547 0.428229 0.036937 0.022544
0 0.014758 0.462656 0.028734 0.044813
2 0.088766 0.450511 0.074344 0.068304
2 0.007539 0.427531 0.015078 0.025387
0 0.394531 0.509975 0.585938 0.231920