0 0.754469 0.386616 0.099500 0.081335
0 0.829258 0.357963 0.072234 0.042576
0 0.978969 0.402881 0.042063 0.060984
0 0.315781 0.366042 0.055969 0.051616
0 0.268609 0.359918 0.044812 0.049766
2 0.387281 0.363618 0.091438 0.069625
0 0.827578 0.400281 0.060156 0.054098
0 0.916539 0.359696 0.076859 0.046604
0 0.696750 0.392155 0.039844 0.058548
0 0.919430 0.400246 0.075109 0.073091
0 0.696031 0.351311 0.036031 0.023888
0 0.451813 0.374016 0.042688 0.054403
0 0.553836 0.344543 0.046297 0.023138
0 0.765625 0.377049 0.450000 0.159251