1 0.067469 0.784062 0.083625 0.121292
1 0.129469 0.771771 0.088875 0.151417
1 0.469000 0.775740 0.049375 0.119396
1 0.293016 0.787615 0.059562 0.113438
1 0.509258 0.692594 0.040734 0.106188
1 0.411133 0.762354 0.049453 0.158833
1 0.579805 0.761573 0.063297 0.126146
1 0.690672 0.747635 0.090719 0.138187
1 0.656477 0.670531 0.054328 0.077063
1 0.603492 0.670542 0.059984 0.109458
1 0.557977 0.684156 0.054234 0.109896
1 0.463297 0.685094 0.035563 0.064521
1 0.415922 0.669281 0.031938 0.049854
1 0.500000 0.671875 0.996875 0.372917