0 0.066148 0.719019 0.077453 0.060453
0 0.322586 0.720226 0.065172 0.060668
0 0.403172 0.702381 0.018250 0.026013
0 0.108109 0.712360 0.065969 0.034203
0 0.642883 0.695496 0.044266 0.024741
2 0.454570 0.724106 0.084172 0.110711
2 0.698781 0.686164 0.076469 0.087974
0 0.077187 0.686024 0.016438 0.011961
0 0.125250 0.688556 0.029000 0.011940
0 0.176969 0.689892 0.013281 0.008793
0 0.240836 0.690819 0.036297 0.011767
0 0.577820 0.712155 0.022297 0.024784
2 0.321500 0.719418 0.064312 0.072586
0 0.512984 0.705453 0.023969 0.010862