0 0.122561 0.575370 0.245122 0.162380
0 0.063848 0.468260 0.126070 0.081760
0 0.450650 0.466300 0.140054 0.087640
0 0.386233 0.505730 0.071816 0.107660
0 0.443347 0.394940 0.093631 0.045720
0 0.500501 0.373130 0.081924 0.050660
0 0.230407 0.913290 0.448618 0.153140
0 0.483889 0.427080 0.062954 0.048400
0 0.220122 0.400190 0.108428 0.038260
0 0.620894 0.374430 0.090786 0.040740
0 0.246314 0.520320 0.255339 0.174120
0 0.173577 0.445710 0.161897 0.084260
2 0.581667 0.285150 0.055149 0.052380
0 0.534458 0.334180 0.058022 0.031000
2 0.563930 0.311690 0.054688 0.034940
2 0.348482 0.408910 0.186233 0.069540
0 0.340108 0.518000 0.674797 0.456000