1 0.027047 0.917605 0.054094 0.137079
1 0.271570 0.936425 0.111859 0.120327
1 0.595109 0.915736 0.162312 0.168528
1 0.783719 0.907862 0.217906 0.184276
1 0.910516 0.911121 0.178969 0.175093
0 0.351398 0.842640 0.038203 0.044720
0 0.478641 0.848306 0.034563 0.060678
0 0.222578 0.842547 0.043562 0.049813
0 0.128461 0.842780 0.059516 0.053785
0 0.079031 0.834357 0.064656 0.058668
0 0.512469 0.835794 0.031688 0.057991
0 0.942812 0.814790 0.056250 0.031308
0 0.314742 0.836460 0.036984 0.041986
0 0.275492 0.836495 0.044016 0.061075
0 0.977187 0.812161 0.026125 0.029182
0 0.034820 0.832617 0.069641 0.051215
1 0.948187 0.865327 0.103625 0.068972