0 0.333063 0.870258 0.270708 0.113734
0 0.491062 0.804875 0.065292 0.019594
0 0.545458 0.838156 0.110208 0.061406
0 0.383865 0.806359 0.081187 0.024250
0 0.418635 0.802680 0.067979 0.021984
0 0.450323 0.801023 0.033688 0.018953
0 0.791240 0.877945 0.417521 0.244109
0 0.465156 0.849750 0.127979 0.073063
0 0.118375 0.902320 0.236750 0.195359
0 0.215354 0.805117 0.025417 0.012016
0 0.313510 0.801453 0.036729 0.023281
0 0.346573 0.805430 0.021813 0.023797
0 0.609677 0.827344 0.073354 0.066719
0 0.325000 0.800000 0.383333 0.028125