2 0.303914 0.259324 0.089109 0.134872
0 0.157438 0.299499 0.084094 0.092657
0 0.120180 0.204207 0.051484 0.069860
0 0.298250 0.349056 0.096406 0.159557
0 0.139031 0.255000 0.073813 0.109441
0 0.339680 0.283147 0.085859 0.058415
0 0.596273 0.071154 0.109141 0.064499
0 0.750516 0.067261 0.124313 0.054942
0 0.146203 0.166585 0.052094 0.048928
0 0.141688 0.137832 0.061750 0.056876
0 0.131000 0.092552 0.060781 0.085478
0 0.139031 0.023462 0.043031 0.037040
1 0.266836 0.166900 0.090641 0.101678
0 0.215617 0.026527 0.093703 0.053054
0 0.160766 0.225000 0.062969 0.073077
0 0.292969 0.209790 0.160938 0.200466