2 0.829492 0.700359 0.252141 0.184872
0 0.666789 0.746231 0.117891 0.095487
0 0.295789 0.739769 0.057516 0.065179
0 0.787430 0.760795 0.110797 0.130513
0 0.325523 0.700603 0.024641 0.027718
0 0.797977 0.783000 0.078859 0.151333
0 0.097687 0.760833 0.052844 0.094538
0 0.870727 0.880885 0.140422 0.181205
0 0.180094 0.760141 0.135594 0.166897
0 0.346906 0.678128 0.021344 0.028872
0 0.966437 0.900000 0.067125 0.175333
2 0.576188 0.717705 0.067312 0.110487
0 0.322484 0.664359 0.016750 0.030513
2 0.873195 0.757769 0.120609 0.145538
2 0.349578 0.636026 0.016906 0.033231
0 0.510938 0.544872 0.975000 0.905128