0 0.826805 0.586885 0.120672 0.064365
0 0.497406 0.548819 0.026719 0.011845
0 0.664992 0.571012 0.037172 0.027540
0 0.501703 0.636250 0.124375 0.117937
0 0.444578 0.593095 0.061500 0.073968
0 0.459305 0.551240 0.024047 0.022123
0 0.596164 0.584623 0.048109 0.041905
0 0.525375 0.572470 0.049781 0.037520
0 0.873055 0.716052 0.248891 0.232103
0 0.717258 0.643839 0.160328 0.137044
0 0.492977 0.567014 0.029484 0.023671
0 0.642664 0.573889 0.046547 0.049405
0 0.562078 0.574593 0.033906 0.032758
0 0.499219 0.755952 0.998437 0.484127