2 0.034633 0.436156 0.057547 0.027979
0 0.807633 0.543458 0.059266 0.050042
0 0.883289 0.545031 0.053609 0.047146
0 0.962727 0.544708 0.072609 0.051083
0 0.568898 0.541885 0.090984 0.039271
0 0.517055 0.542969 0.041484 0.035813
0 0.428547 0.543906 0.033500 0.027604
0 0.405750 0.548312 0.017219 0.017583
0 0.354563 0.541823 0.031250 0.027771
0 0.288562 0.537052 0.044125 0.034771
0 0.436164 0.544302 0.027328 0.027813
0 0.679750 0.541375 0.058031 0.043000
0 0.493453 0.543250 0.034813 0.032708
0 0.461875 0.543292 0.040313 0.030708
0 0.419531 0.530208 0.648438 0.060417