0 0.428195 0.629302 0.048078 0.025313
0 0.481836 0.626188 0.030953 0.021958
0 0.748508 0.627302 0.051078 0.026812
0 0.696492 0.624542 0.039203 0.018042
0 0.461375 0.629927 0.039375 0.026437
0 0.567578 0.629281 0.027094 0.025021
2 0.963383 0.623177 0.058641 0.026687
2 0.455492 0.628635 0.029078 0.025562
2 0.347305 0.625292 0.053203 0.032875
0 0.667398 0.627365 0.032766 0.026187
0 0.317305 0.630719 0.174328 0.023354
0 0.851164 0.625792 0.034516 0.023500
0 0.896172 0.626135 0.017969 0.020854
0 0.819211 0.626500 0.042453 0.023042
0 0.191148 0.632865 0.027234 0.016063