0 0.752648 0.525833 0.043359 0.033216
0 0.835727 0.538498 0.038047 0.028169
0 0.700875 0.521455 0.036437 0.020235
0 0.937398 0.559777 0.042422 0.033592
0 0.794984 0.538779 0.036812 0.026150
0 0.953469 0.514906 0.026125 0.012723
2 0.539727 0.464061 0.037328 0.023897
2 0.585180 0.471397 0.037984 0.016596
0 0.982555 0.572371 0.034891 0.030047
0 0.767367 0.531279 0.037391 0.029695
0 0.617961 0.476373 0.025016 0.010070
0 0.588344 0.471491 0.030781 0.018333
0 0.560102 0.471303 0.030234 0.011995
0 0.796047 0.521796 0.029969 0.014577
0 0.734094 0.523427 0.029375 0.027230