0 0.566766 0.652052 0.092188 0.064146
0 0.737125 0.672646 0.122938 0.059375
0 0.897922 0.663281 0.062125 0.046396
0 0.813609 0.671677 0.079687 0.049104
2 0.323078 0.663260 0.170000 0.077646
2 0.082266 0.655792 0.136875 0.061000
2 0.234227 0.646094 0.135234 0.051354
2 0.057719 0.619865 0.112187 0.043646
2 0.667977 0.628396 0.053766 0.024750
0 0.433352 0.642375 0.084891 0.049500
0 0.497781 0.651771 0.054875 0.059167
0 0.865703 0.657365 0.052781 0.047646
0 0.962891 0.664625 0.074219 0.058667
0 0.833711 0.619302 0.053203 0.013979
0 0.678078 0.658552 0.108688 0.050104
0 0.767383 0.652438 0.032641 0.019000
0 0.208594 0.654167 0.395313 0.091667