0 0.204062 0.643668 0.136031 0.220561
0 0.287031 0.632044 0.079219 0.104650
0 0.652375 0.612138 0.019719 0.032827
0 0.720852 0.603657 0.033766 0.036472
0 0.334820 0.615689 0.035641 0.069883
0 0.693609 0.608820 0.029563 0.025304
0 0.774039 0.602290 0.034953 0.023224
0 0.668219 0.611764 0.019594 0.027266
0 0.816289 0.601542 0.024922 0.022243
0 0.860305 0.599159 0.025547 0.018037
1 0.495922 0.568540 0.303563 0.521332
1 0.093922 0.539883 0.181844 0.723598
0 0.943680 0.644918 0.046703 0.056192
0 0.966125 0.613540 0.027969 0.030584
0 0.984367 0.593586 0.023109 0.024603
0 0.815625 0.589953 0.334375 0.081776