1 0.727547 0.522231 0.081687 0.029933
0 0.670047 0.530437 0.034563 0.016390
0 0.517484 0.531939 0.036781 0.018722
0 0.438344 0.532018 0.036031 0.019193
0 0.968742 0.530975 0.044172 0.018901
0 0.906352 0.531244 0.038484 0.016480
0 0.609102 0.529496 0.033109 0.018946
0 0.385070 0.532948 0.031234 0.016121
0 0.077813 0.525886 0.026031 0.015359
0 0.809648 0.531614 0.035734 0.015874
0 0.854633 0.526906 0.045984 0.023632
0 0.272586 0.531413 0.023172 0.018924
0 0.929156 0.527511 0.031719 0.019417
0 0.493484 0.530157 0.028344 0.021794
0 0.405469 0.525785 0.726562 0.042601