0 0.414980 0.551213 0.065160 0.060027
0 0.469910 0.566080 0.019940 0.024853
0 0.445060 0.526453 0.013480 0.016800
0 0.447970 0.493227 0.016540 0.019467
0 0.477990 0.542053 0.017660 0.027520
0 0.444690 0.475680 0.029020 0.016320
0 0.476850 0.467120 0.017380 0.028427
0 0.505880 0.461880 0.013200 0.018373
0 0.532560 0.540400 0.015480 0.018667
0 0.481310 0.529707 0.016220 0.025973
0 0.447410 0.545907 0.011500 0.027547
2 0.027480 0.284560 0.053920 0.302613
0 0.526230 0.531080 0.015460 0.019760
0 0.447810 0.512133 0.013980 0.012800
0 0.491000 0.432000 0.046000 0.053333