0 0.210703 0.727699 0.247156 0.195521
0 0.088250 0.721902 0.172094 0.160041
0 0.699375 0.670767 0.048594 0.049468
0 0.516813 0.792137 0.374312 0.271922
0 0.633258 0.659458 0.078516 0.074785
0 0.857242 0.687014 0.024766 0.055910
0 0.851828 0.659714 0.032531 0.048548
0 0.017945 0.680593 0.033891 0.043272
1 0.142453 0.634836 0.284906 0.099162
2 0.611398 0.612290 0.068578 0.034969
2 0.322555 0.633599 0.078828 0.089202
2 0.736523 0.632863 0.019422 0.021350
2 0.680781 0.647945 0.030281 0.035276
0 0.487203 0.651350 0.041031 0.017914
0 0.541102 0.643282 0.124703 0.039530
0 0.875797 0.647832 0.016469 0.017955
2 0.576195 0.616871 0.142516 0.077055