0 0.198664 0.935802 0.118547 0.128396
0 0.061203 0.949623 0.122406 0.100755
1 0.270211 0.678656 0.531484 0.256179
1 0.886961 0.601851 0.226078 0.112948
1 0.281172 0.483007 0.202250 0.050684
1 0.310492 0.538420 0.203109 0.085943
1 0.724500 0.505979 0.226281 0.056722
1 0.886000 0.626533 0.159125 0.078679
0 0.503695 0.928113 0.150891 0.143774
0 0.927016 0.499540 0.067281 0.035401
0 0.872320 0.493125 0.037078 0.033042
1 0.594289 0.509446 0.185766 0.069033
1 0.013875 0.493325 0.027750 0.091509
2 0.506305 0.928526 0.146078 0.142948