0 0.652539 0.869594 0.027984 0.012104
0 0.485344 0.837656 0.021719 0.010646
0 0.500125 0.832812 0.019719 0.014292
0 0.933977 0.849354 0.017641 0.013958
0 0.847531 0.849990 0.025875 0.015521
2 0.264164 0.964385 0.074641 0.039688
0 0.699461 0.811948 0.008609 0.011479
0 0.605609 0.849969 0.012969 0.016271
1 0.685523 0.851406 0.029328 0.045354
2 0.357500 0.950042 0.079781 0.048333
2 0.894898 0.870302 0.021078 0.032771
2 0.919398 0.872521 0.023703 0.038083
0 0.535305 0.868594 0.024859 0.010313
0 0.476945 0.855010 0.011703 0.019854
0 0.483555 0.843583 0.013047 0.009375
0 0.807508 0.869677 0.023047 0.015354
2 0.864539 0.868385 0.035078 0.041646
0 0.625773 0.811063 0.008484 0.015833
2 0.744789 0.841802 0.018766 0.025021
2 0.685023 0.850729 0.028453 0.044250
2 0.605906 0.849365 0.012438 0.015896
0 0.716406 0.844792 0.564063 0.110417