0 0.927016 0.579741 0.142625 0.219247
0 0.338461 0.589659 0.071734 0.217812
0 0.886742 0.861729 0.226516 0.252824
0 0.302063 0.575047 0.062250 0.173012
0 0.913172 0.461376 0.043531 0.027647
0 0.258961 0.411235 0.050609 0.032447
0 0.261508 0.438741 0.050609 0.048541
0 0.343969 0.637824 0.052219 0.238188
0 0.299758 0.481565 0.036141 0.034518
0 0.898727 0.452129 0.067453 0.034188
1 0.598867 0.515518 0.476047 0.777529
0 0.322328 0.535976 0.107813 0.166447
0 0.276102 0.454318 0.075516 0.055882
0 0.858375 0.550847 0.074000 0.166776
0 0.903906 0.455294 0.189062 0.054118