0 0.652977 0.032865 0.042047 0.018688
0 0.608430 0.032594 0.033703 0.015729
0 0.757750 0.032365 0.025562 0.015979
0 0.879445 0.032115 0.039422 0.014521
0 0.716609 0.032385 0.038219 0.017229
0 0.507305 0.033333 0.030328 0.017958
0 0.810117 0.031896 0.033703 0.016958
0 0.473906 0.035458 0.034531 0.016458
0 0.544422 0.034615 0.033281 0.018188
0 0.576805 0.033792 0.029703 0.013000
0 0.343852 0.035865 0.015984 0.012396
0 0.405992 0.039271 0.011016 0.008833
0 0.631953 0.033031 0.018750 0.012187
0 0.839844 0.027083 0.245312 0.029167