0 0.743410 0.856653 0.056820 0.049467
0 0.707020 0.853720 0.022360 0.040400
0 0.613970 0.860947 0.043300 0.053093
0 0.962830 0.888360 0.072420 0.113307
0 0.774740 0.851333 0.025640 0.033867
0 0.524590 0.869053 0.028940 0.074640
0 0.137050 0.878373 0.019620 0.051787
0 0.660450 0.848867 0.044980 0.049893
2 0.661780 0.848893 0.043280 0.053787
2 0.944150 0.802093 0.111700 0.122107
2 0.038120 0.911707 0.074720 0.176587
2 0.105880 0.860747 0.081560 0.051520
2 0.960810 0.890653 0.077740 0.117360
2 0.612530 0.860320 0.045020 0.049813
0 0.033090 0.909573 0.065740 0.179040
0 0.094990 0.856347 0.027020 0.039520