0 0.055344 0.566781 0.110156 0.069104
0 0.418484 0.550437 0.041500 0.025583
0 0.448977 0.547896 0.025641 0.029000
0 0.537305 0.551240 0.033078 0.026396
0 0.364844 0.547958 0.054344 0.045417
0 0.499023 0.548469 0.021422 0.021896
0 0.622641 0.550188 0.018438 0.019458
0 0.201445 0.559729 0.057859 0.041375
0 0.304570 0.548115 0.006016 0.033021
0 0.400164 0.549021 0.018641 0.026792
0 0.516180 0.547552 0.019078 0.020188
2 0.813312 0.553250 0.146094 0.077917
2 0.473859 0.544958 0.028844 0.031750
0 0.315625 0.553125 0.578125 0.093750