0 0.624656 0.626642 0.132969 0.167845
0 0.603469 0.462657 0.074281 0.113808
0 0.433453 0.710533 0.158875 0.186883
0 0.469445 0.424331 0.070734 0.087782
0 0.394391 0.351956 0.046500 0.050397
0 0.674336 0.512333 0.110141 0.147469
0 0.510602 0.259090 0.038297 0.046255
0 0.753703 0.355188 0.046781 0.053933
0 0.516508 0.516893 0.132078 0.152866
1 0.599422 0.204874 0.100937 0.083180
0 0.878477 0.280220 0.027672 0.039184
0 0.345883 0.884341 0.320359 0.227929
0 0.384109 0.398703 0.054312 0.064937
0 0.339461 0.320596 0.047109 0.064079
0 0.603125 0.401674 0.671875 0.464435