0 0.231156 0.823859 0.106844 0.157011
0 0.131047 0.843832 0.158906 0.173261
0 0.603047 0.828410 0.023062 0.036658
0 0.811422 0.839280 0.051219 0.071875
0 0.780031 0.839198 0.028219 0.068016
0 0.715664 0.831386 0.019672 0.039457
0 0.733445 0.836535 0.032016 0.038451
0 0.473359 0.834497 0.023219 0.032473
0 0.852836 0.831957 0.050547 0.116304
0 0.752898 0.836291 0.015297 0.055027
0 0.033367 0.834565 0.063891 0.192609
2 0.928914 0.825136 0.132297 0.177554
2 0.093719 0.779402 0.077531 0.055272
2 0.543516 0.828818 0.016625 0.022799
0 0.683086 0.834905 0.028766 0.038016
0 0.733594 0.819293 0.529687 0.209239