1 0.762430 0.415438 0.062359 0.113458
1 0.832172 0.326396 0.054281 0.089417
1 0.378734 0.349646 0.078156 0.114250
0 0.416523 0.562990 0.053172 0.065021
0 0.364812 0.517375 0.046781 0.060208
0 0.386867 0.476448 0.051547 0.056813
0 0.527102 0.667948 0.039859 0.054312
0 0.439867 0.416042 0.041641 0.040667
0 0.449008 0.393323 0.044859 0.045729
0 0.468531 0.374594 0.039844 0.044229
0 0.690461 0.604750 0.053422 0.069583
0 0.529555 0.383750 0.038609 0.051042
0 0.351648 0.709969 0.049922 0.057354
0 0.766008 0.586146 0.058984 0.067417
0 0.416641 0.438417 0.042812 0.047625
1 0.793430 0.372688 0.065922 0.101000
1 0.844070 0.263406 0.060703 0.062479
2 0.961633 0.197063 0.042328 0.060625
2 0.928320 0.172958 0.040703 0.057083
0 0.470930 0.749948 0.050203 0.069396
2 0.690477 0.330635 0.046266 0.058771
2 0.758875 0.179937 0.041938 0.042083
2 0.044094 0.909781 0.074156 0.076896
2 0.458555 0.498854 0.046797 0.059125
2 0.600953 0.257250 0.079969 0.057000
2 0.119453 0.940906 0.069375 0.085021
2 0.200258 0.721052 0.050609 0.076521
2 0.792156 0.369010 0.051344 0.088688
0 0.489063 0.467708 0.978125 0.710417