0 0.174539 0.665750 0.347734 0.283667
0 0.469797 0.593156 0.174500 0.143187
0 0.299219 0.407094 0.126531 0.081604
0 0.851094 0.311083 0.048562 0.052292
0 0.870953 0.339188 0.047313 0.062292
0 0.860305 0.395948 0.063359 0.049271
0 0.712523 0.243646 0.042797 0.032167
1 0.715289 0.488146 0.533297 0.241542
1 0.712383 0.357542 0.208734 0.117333
1 0.636383 0.213031 0.091328 0.053229
1 0.510133 0.338969 0.263516 0.220729
0 0.868813 0.362760 0.042469 0.036563
2 0.175930 0.666667 0.351859 0.281500
2 0.769469 0.275885 0.046656 0.050521
0 0.794305 0.293052 0.032891 0.027104
0 0.798094 0.274115 0.032156 0.039146