0 0.565039 0.350458 0.064672 0.046417
0 0.506969 0.357181 0.038281 0.035583
0 0.171750 0.361847 0.039594 0.046250
0 0.420477 0.355514 0.035797 0.044361
0 0.265641 0.359681 0.041875 0.043472
0 0.123773 0.363056 0.038547 0.042833
2 0.736828 0.348458 0.070062 0.046472
0 0.463320 0.356375 0.036859 0.042806
0 0.030258 0.365056 0.036578 0.045333
0 0.075148 0.361208 0.040547 0.049194
0 0.219586 0.360000 0.033578 0.041667
0 0.377062 0.362653 0.015313 0.034472
0 0.299711 0.359736 0.027203 0.045139
0 0.846563 0.346347 0.043969 0.036083
0 0.794531 0.341667 0.195312 0.055556