0 0.698622 0.304789 0.241712 0.153547
0 0.723586 0.130461 0.072180 0.050141
0 0.610991 0.131062 0.108324 0.055531
0 0.507459 0.150688 0.082414 0.061813
0 0.440099 0.166836 0.097063 0.067453
0 0.322964 0.170594 0.095766 0.065094
0 0.244541 0.180852 0.115604 0.070641
0 0.115333 0.181438 0.128541 0.082063
0 0.207928 0.161172 0.098450 0.085062
0 0.451811 0.096703 0.025243 0.023781
0 0.904865 0.154078 0.052252 0.060844
0 0.762459 0.130023 0.031838 0.041797
0 0.029910 0.194273 0.055423 0.080984
0 0.583784 0.085938 0.605405 0.171875