0 0.908633 0.765260 0.166922 0.180813
0 0.036117 0.802563 0.046109 0.035458
0 0.217594 0.795729 0.028937 0.027542
0 0.537414 0.775990 0.036609 0.022104
0 0.249258 0.792865 0.030703 0.023521
0 0.287930 0.790062 0.048234 0.027417
0 0.332250 0.791625 0.030125 0.019583
0 0.683039 0.770760 0.045609 0.019604
0 0.016688 0.802698 0.033375 0.036563
0 0.187578 0.799740 0.028563 0.024104
0 0.267555 0.791031 0.036547 0.029021
0 0.354687 0.788073 0.037062 0.020938
0 0.766508 0.763021 0.032547 0.019333
0 0.438281 0.786458 0.645312 0.056250