0 0.809969 0.290177 0.067062 0.052639
0 0.550477 0.290532 0.095734 0.050865
0 0.208773 0.302062 0.034453 0.051042
0 0.558297 0.292816 0.075031 0.045543
0 0.276891 0.284889 0.079156 0.044590
0 0.661227 0.305111 0.076109 0.058825
0 0.517273 0.291929 0.066922 0.048071
0 0.316602 0.300576 0.058141 0.049268
0 0.665594 0.269634 0.048469 0.025787
0 0.391914 0.303237 0.024703 0.022528
0 0.156570 0.293836 0.032141 0.029534
2 0.397000 0.291996 0.103656 0.066652
2 0.753992 0.280055 0.056766 0.063038
0 0.120867 0.298470 0.059609 0.030200
0 0.394531 0.286031 0.785937 0.075388