0 0.917930 0.788671 0.122922 0.078518
0 0.834188 0.778024 0.097719 0.083294
0 0.740898 0.780447 0.066797 0.059671
0 0.297086 0.798271 0.064859 0.071694
0 0.599820 0.774059 0.045641 0.048871
0 0.561750 0.771388 0.030406 0.038212
0 0.522719 0.770188 0.025938 0.029600
0 0.985336 0.806306 0.029328 0.074306
0 0.420180 0.760376 0.021703 0.020612
0 0.449594 0.763082 0.021813 0.017647
0 0.345063 0.762835 0.010094 0.011929
0 0.355547 0.762965 0.013906 0.014494
0 0.295859 0.768741 0.064062 0.039647
2 0.631680 0.761694 0.066453 0.074776
0 0.522656 0.761176 0.329688 0.054118