0 0.197797 0.524333 0.056781 0.068103
0 0.123039 0.506335 0.042547 0.045738
0 0.100703 0.496909 0.033094 0.045293
1 0.406477 0.489578 0.364891 0.315457
1 0.181727 0.470948 0.091172 0.052998
0 0.168555 0.501194 0.034734 0.039251
0 0.769992 0.507084 0.091078 0.042131
1 0.887820 0.491932 0.146203 0.074871
2 0.711836 0.499204 0.090516 0.054707
0 0.614961 0.506417 0.056359 0.044590
0 0.043141 0.494824 0.028844 0.032646
0 0.663055 0.505340 0.031703 0.040515
0 0.055953 0.480258 0.028500 0.039157
0 0.042727 0.467787 0.019234 0.019227