0 0.035477 0.510778 0.070953 0.396000
0 0.085195 0.549625 0.096172 0.328028
0 0.328016 0.582458 0.140313 0.123583
0 0.122469 0.552236 0.151063 0.319972
0 0.294492 0.637639 0.099266 0.145889
0 0.940406 0.612514 0.119188 0.247639
0 0.884016 0.627667 0.068750 0.206944
0 0.826570 0.647556 0.096953 0.161278
0 0.789016 0.639125 0.143406 0.148528
0 0.626227 0.560319 0.122109 0.101972
0 0.671461 0.609667 0.122047 0.135444
0 0.205430 0.570486 0.126953 0.280528
0 0.310555 0.526764 0.086266 0.039417
0 0.771094 0.605556 0.454688 0.261111