0 0.590595 0.708734 0.044503 0.023031
0 0.504279 0.708906 0.045361 0.024094
0 0.664025 0.702469 0.037719 0.017875
0 0.158899 0.717727 0.055029 0.030391
0 0.065760 0.722977 0.093509 0.044891
0 0.546832 0.702445 0.037797 0.026016
0 0.333762 0.706477 0.037973 0.022828
0 0.354552 0.707023 0.035068 0.017453
0 0.380897 0.695687 0.071735 0.021750
0 0.633821 0.678937 0.030799 0.011062
0 0.612749 0.702469 0.029825 0.023406
0 0.564045 0.703320 0.017875 0.020141
0 0.255351 0.714086 0.086374 0.027422
0 0.551657 0.690625 0.280702 0.040625