0 0.746844 0.625000 0.506313 0.725234
0 0.359398 0.603428 0.087891 0.084316
0 0.452148 0.554492 0.055297 0.061641
0 0.403070 0.534434 0.047422 0.043828
0 0.275383 0.555928 0.032922 0.027324
0 0.301250 0.540732 0.049938 0.042832
0 0.496602 0.537236 0.044641 0.047832
0 0.017383 0.616416 0.034766 0.111270
0 0.200469 0.598496 0.154281 0.128555
0 0.604305 0.460986 0.152766 0.280254
0 0.035437 0.611719 0.059781 0.108125
0 0.309156 0.590605 0.039750 0.055039
2 0.075914 0.596641 0.137953 0.143437
0 0.269531 0.552734 0.529687 0.183594