1 0.610109 0.686521 0.057313 0.074167
1 0.202922 0.401781 0.058937 0.065229
1 0.311477 0.197135 0.034734 0.036188
0 0.694734 0.911729 0.026812 0.042792
0 0.835508 0.621271 0.047203 0.027292
1 0.624781 0.632906 0.053906 0.076979
0 0.707633 0.811104 0.028453 0.035458
0 0.685555 0.752885 0.026266 0.031854
0 0.670672 0.712802 0.026656 0.037521
0 0.686570 0.684438 0.022047 0.031958
0 0.655781 0.850115 0.023813 0.030729
0 0.655547 0.888052 0.030531 0.034438
0 0.503281 0.499969 0.023406 0.025354
0 0.517242 0.514490 0.025484 0.032229
0 0.545289 0.498677 0.023078 0.031771
0 0.562563 0.516635 0.022437 0.028104
1 0.545211 0.581896 0.040203 0.068500
2 0.449914 0.652240 0.027141 0.030146
0 0.699570 0.784583 0.029016 0.035292
0 0.547656 0.501042 0.889062 0.993750