0 0.865437 0.496569 0.036812 0.037917
0 0.599953 0.387028 0.007531 0.013389
2 0.890344 0.462444 0.041750 0.038778
2 0.492977 0.842708 0.106172 0.107861
2 0.901805 0.906333 0.123141 0.113333
2 0.777266 0.888792 0.246188 0.138194
2 0.525398 0.392792 0.021203 0.030694
2 0.479844 0.382958 0.024750 0.021861
0 0.486328 0.853222 0.092688 0.103000
2 0.860891 0.495361 0.048969 0.035444
2 0.904570 0.525875 0.045016 0.029583
2 0.117508 0.412319 0.038297 0.031972
0 0.967133 0.884306 0.058328 0.110389
2 0.939594 0.501653 0.051594 0.054694