1 0.742678 0.232023 0.282951 0.152797
0 0.201475 0.687273 0.402951 0.198797
0 0.172801 0.592938 0.345601 0.127062
0 0.187719 0.573344 0.370792 0.184719
0 0.043579 0.461328 0.087158 0.045906
0 0.784057 0.451703 0.268005 0.178500
0 0.853470 0.480805 0.131421 0.203734
0 0.585943 0.342180 0.214563 0.088484
0 0.929112 0.460234 0.141776 0.324594
0 0.405833 0.312875 0.147240 0.018719
0 0.118251 0.392227 0.236503 0.045547
0 0.724235 0.412883 0.227049 0.137016
0 0.116475 0.341906 0.232951 0.080312
0 0.951926 0.680516 0.096148 0.306500
0 0.498634 0.506250 0.997268 0.943750