1 0.635271 0.365469 0.714500 0.215250
1 0.546823 0.858992 0.422479 0.256172
0 0.579573 0.207977 0.113813 0.070109
0 0.433219 0.197922 0.106479 0.039531
0 0.471562 0.115172 0.066792 0.045125
0 0.256500 0.228820 0.107875 0.050141
0 0.424187 0.059414 0.049625 0.032516
0 0.270344 0.206422 0.092521 0.051281
0 0.350833 0.068461 0.041417 0.022891
0 0.361177 0.049281 0.034063 0.015750
0 0.439323 0.245820 0.140229 0.063859
0 0.456365 0.179508 0.081562 0.056016
0 0.296417 0.162219 0.096875 0.069500
2 0.713948 0.215305 0.129937 0.105828
0 0.441823 0.156180 0.092646 0.047922
0 0.755354 0.260094 0.127083 0.052312
2 0.627896 0.072500 0.058125 0.029437
0 0.590625 0.235937 0.718750 0.465625