1 0.876695 0.619073 0.246609 0.327313
1 0.566484 0.409958 0.161031 0.169000
1 0.328336 0.285062 0.069172 0.080792
1 0.439570 0.262167 0.073172 0.069375
0 0.699148 0.404781 0.076297 0.060813
0 0.486422 0.316167 0.045656 0.036625
0 0.530562 0.312292 0.044500 0.036708
0 0.426008 0.288510 0.032891 0.047688
0 0.396859 0.282250 0.029469 0.033542
1 0.338273 0.225260 0.040391 0.054938
1 0.375266 0.239979 0.050531 0.054292
0 0.267141 0.226094 0.019594 0.018562
0 0.725305 0.385490 0.064578 0.057979
0 0.209414 0.226531 0.017016 0.021521
0 0.963797 0.503885 0.071469 0.045271
0 0.239992 0.212406 0.010547 0.013562
0 0.383297 0.271302 0.032219 0.028104
0 0.152945 0.198469 0.016359 0.015688
0 0.336883 0.248365 0.019484 0.014563
0 0.235937 0.240625 0.359375 0.218750