0 0.536141 0.322623 0.035344 0.018876
0 0.398281 0.325129 0.022812 0.013724
2 0.187055 0.615749 0.165734 0.148361
0 0.492391 0.331194 0.060719 0.024637
0 0.510359 0.310937 0.041906 0.023232
0 0.577258 0.309567 0.035484 0.032623
0 0.545031 0.307283 0.037906 0.031522
0 0.968547 0.264005 0.062906 0.024590
0 0.156828 0.372693 0.026219 0.018829
0 0.123031 0.378220 0.020594 0.021920
0 0.090562 0.382600 0.018125 0.021593
0 0.022242 0.393103 0.044234 0.015059
0 0.331180 0.353911 0.036828 0.010585
0 0.305094 0.342037 0.026219 0.019485
0 0.480469 0.325527 0.954688 0.145199