0 0.094383 0.588917 0.188766 0.224708
0 0.709258 0.541594 0.043422 0.048979
0 0.381789 0.544010 0.055797 0.056896
0 0.503633 0.535281 0.032016 0.031146
0 0.543367 0.538521 0.042109 0.044000
0 0.415133 0.542969 0.031953 0.034687
0 0.694320 0.531281 0.041797 0.050104
0 0.669914 0.532042 0.024203 0.039958
0 0.469805 0.531021 0.015766 0.030458
2 0.096070 0.589885 0.188766 0.240437
0 0.987063 0.543531 0.025875 0.089396
0 0.663094 0.527490 0.029094 0.038771
0 0.566477 0.531906 0.015953 0.030479
2 0.444688 0.528521 0.038781 0.044792
0 0.435875 0.536458 0.033594 0.038875
0 0.621094 0.532292 0.457813 0.064583