0 0.086602 0.835094 0.153016 0.114354
0 0.191891 0.822344 0.119469 0.085354
0 0.035578 0.770031 0.026250 0.021104
0 0.714742 0.763583 0.034953 0.016583
0 0.676281 0.764688 0.040719 0.013875
0 0.763555 0.763500 0.015547 0.013708
0 0.789766 0.762698 0.055094 0.019979
2 0.484555 0.858427 0.338766 0.170771
0 0.975437 0.812698 0.049125 0.076313
0 0.877391 0.757802 0.055188 0.016479
0 0.010797 0.777167 0.020063 0.023625
0 0.007320 0.821573 0.014391 0.058937
0 0.970977 0.757542 0.057266 0.020250
2 0.858109 0.755333 0.021719 0.016500
2 0.975227 0.813646 0.049547 0.076833
2 0.296680 0.771875 0.041141 0.026792
0 0.482031 0.848958 0.348438 0.193750