0 0.943055 0.580125 0.022797 0.021617
0 0.916352 0.582255 0.026578 0.023326
0 0.888977 0.582164 0.022203 0.017995
0 0.141703 0.614966 0.021094 0.019590
0 0.929398 0.560866 0.019766 0.017403
0 0.880148 0.560979 0.017516 0.010342
0 0.858070 0.585216 0.023391 0.018952
0 0.968672 0.578588 0.028687 0.024875
0 0.966203 0.557540 0.016688 0.011708
2 0.056297 0.613713 0.031500 0.021868
2 0.045656 0.567768 0.019312 0.012255
2 0.153820 0.595695 0.042047 0.027608
2 0.089211 0.610034 0.028359 0.028087
2 0.115852 0.611936 0.020734 0.021458
2 0.831937 0.596253 0.033750 0.027175
0 0.932820 0.541674 0.019016 0.015467
0 0.495312 0.505695 0.937500 0.173121