0 0.656750 0.287354 0.016063 0.015333
0 0.626734 0.299167 0.014813 0.015042
0 0.703328 0.272344 0.014531 0.010229
0 0.177172 0.432333 0.021313 0.014750
0 0.350945 0.389385 0.018109 0.015979
0 0.146953 0.428906 0.019688 0.018229
0 0.741258 0.263719 0.014984 0.012937
0 0.683484 0.281240 0.015406 0.014896
0 0.859461 0.223823 0.013516 0.018396
0 0.538953 0.320354 0.015531 0.011458
0 0.414703 0.357302 0.017938 0.015729
0 0.487531 0.334625 0.017438 0.014708
0 0.683555 0.271510 0.014703 0.014104
0 0.840625 0.233333 0.159375 0.066667