0 0.553164 0.515823 0.089266 0.108021
0 0.292016 0.664312 0.176875 0.224125
0 0.380875 0.570396 0.086406 0.092042
0 0.539641 0.473010 0.054500 0.052604
0 0.848820 0.638823 0.144703 0.157646
0 0.758125 0.562833 0.103062 0.121583
0 0.432937 0.493260 0.080406 0.077104
0 0.705305 0.550542 0.053016 0.089542
0 0.788328 0.598542 0.105813 0.128458
0 0.349891 0.626594 0.083625 0.153396
0 0.380398 0.610750 0.055141 0.121583
0 0.647234 0.479927 0.057937 0.073396
0 0.371430 0.581427 0.089359 0.093562
2 0.647422 0.479448 0.057625 0.064146
2 0.465320 0.456208 0.040109 0.050500
0 0.618750 0.541667 0.534375 0.275000