1 0.713990 0.857304 0.225300 0.258404
1 0.699810 0.660120 0.137260 0.244940
2 0.254120 0.881220 0.254400 0.237560
0 0.323360 0.716054 0.085680 0.112892
0 0.197390 0.650602 0.097500 0.108193
0 0.376770 0.634036 0.075340 0.087048
1 0.797130 0.340196 0.079540 0.043765
1 0.637670 0.382018 0.095460 0.057590
1 0.585580 0.533193 0.088440 0.131205
2 0.438220 0.451822 0.041280 0.061295
2 0.462980 0.437681 0.036200 0.063614
0 0.465110 0.893855 0.100220 0.186325
0 0.515920 0.522108 0.040880 0.060301
0 0.504010 0.386581 0.042940 0.027982
0 0.446410 0.565919 0.053980 0.069367
0 0.319710 0.582726 0.072140 0.074066
0 0.677010 0.460602 0.043100 0.045060
0 0.655730 0.479880 0.046540 0.057530
0 0.683030 0.518630 0.041980 0.032982
0 0.719820 0.474669 0.047560 0.046928
2 0.803500 0.381732 0.062080 0.033946
1 0.532500 0.449623 0.048320 0.088524
0 0.518880 0.745301 0.080760 0.132530
0 0.497000 0.418675 0.590000 0.253012