1 0.086220 0.626426 0.172440 0.389910
1 0.224490 0.401682 0.131700 0.217958
1 0.367930 0.308859 0.101460 0.180360
1 0.540990 0.329940 0.090020 0.181081
1 0.387470 0.095270 0.033100 0.063874
1 0.274800 0.312087 0.112520 0.178048
0 0.390410 0.612523 0.105500 0.203423
0 0.418810 0.478033 0.072340 0.101411
0 0.452430 0.305586 0.053020 0.029429
0 0.186770 0.511532 0.064860 0.158438
0 0.352870 0.763003 0.123980 0.177538
0 0.441180 0.417943 0.068960 0.123994
0 0.448490 0.275811 0.038500 0.060631
0 0.456890 0.215751 0.039060 0.034264
0 0.516030 0.218003 0.020980 0.042553
0 0.461830 0.164204 0.025300 0.014655
0 0.462870 0.131456 0.026740 0.025135
0 0.463810 0.201847 0.029980 0.032883
0 0.455740 0.279354 0.037440 0.025375
1 0.358440 0.181261 0.063520 0.098078
0 0.348000 0.208709 0.436000 0.345345