0 0.438977 0.808803 0.015297 0.045266
0 0.496945 0.874043 0.025453 0.062766
0 0.493414 0.831543 0.015953 0.054362
0 0.536453 0.856729 0.017625 0.078564
0 0.489711 0.781835 0.015766 0.041223
0 0.489594 0.753590 0.016813 0.049521
0 0.453953 0.891090 0.022187 0.065585
0 0.449898 0.968590 0.025516 0.058883
2 0.520227 0.880904 0.024016 0.125106
0 0.463266 0.783936 0.014094 0.052447
0 0.553211 0.973245 0.028266 0.053511
2 0.375211 0.982553 0.040203 0.034894
0 0.495320 0.948590 0.022891 0.072500
0 0.491391 0.666330 0.005969 0.019787
0 0.491406 0.757979 0.076563 0.324468