0 0.602609 0.727377 0.436344 0.385199
0 0.336594 0.665328 0.190406 0.242693
0 0.088461 0.625843 0.110953 0.141569
0 0.054945 0.806862 0.104953 0.386276
0 0.523953 0.521487 0.099125 0.044052
0 0.405547 0.531721 0.106656 0.053841
0 0.226547 0.540094 0.094031 0.046838
0 0.054094 0.692576 0.108187 0.234239
0 0.145141 0.605035 0.051500 0.079578
0 0.658656 0.509883 0.116031 0.068009
0 0.242852 0.610585 0.028703 0.114754
0 0.150922 0.574578 0.077844 0.096230
0 0.543227 0.487576 0.061734 0.034496
0 0.339063 0.551522 0.675000 0.199063