0 0.966148 0.906491 0.067703 0.040305
0 0.977070 0.867218 0.045797 0.038427
0 0.819852 0.896232 0.360297 0.207535
0 0.829172 0.807981 0.026156 0.024225
0 0.038117 0.824484 0.062328 0.049343
0 0.161789 0.916984 0.103422 0.066362
0 0.905977 0.936878 0.055766 0.065540
0 0.500758 0.855129 0.038234 0.054061
0 0.109547 0.900892 0.033937 0.068263
0 0.907055 0.811596 0.041953 0.027934
0 0.378281 0.729167 0.037750 0.019178
0 0.990367 0.934413 0.019266 0.034038
2 0.956836 0.836244 0.086328 0.047512
0 0.981727 0.807535 0.036547 0.024695
0 0.499219 0.829812 0.995313 0.279343