0 0.035781 0.655245 0.028687 0.032717
0 0.237141 0.658641 0.040813 0.040267
0 0.534594 0.668686 0.084969 0.044989
0 0.175109 0.633174 0.058250 0.029822
0 0.195664 0.653942 0.060203 0.039465
0 0.282008 0.658920 0.051047 0.035434
0 0.972719 0.675612 0.052781 0.038708
0 0.417734 0.664944 0.039188 0.038085
0 0.280266 0.631459 0.062000 0.020958
2 0.197758 0.649955 0.058703 0.051047
2 0.273141 0.634822 0.042656 0.018998
2 0.251008 0.623430 0.069453 0.035590
0 0.451516 0.660724 0.044531 0.039710
0 0.309570 0.657940 0.054328 0.044388