2 0.508180 0.574075 0.164672 0.245152
0 0.374453 0.593173 0.102688 0.147611
0 0.463266 0.721101 0.115219 0.152646
0 0.574688 0.517049 0.108813 0.118595
0 0.807359 0.697576 0.119344 0.154450
0 0.691367 0.611768 0.104422 0.124239
0 0.919977 0.807541 0.080703 0.122998
0 0.933953 0.943162 0.104906 0.113677
0 0.368375 0.366323 0.059844 0.060187
0 0.483211 0.446300 0.079203 0.075738
0 0.400125 0.463501 0.074281 0.095433
0 0.735227 0.956698 0.146453 0.086604
0 0.589797 0.857916 0.158875 0.201171
0 0.314977 0.513747 0.065234 0.100187
0 0.410156 0.533958 0.379688 0.355972