0 0.287508 0.737573 0.075109 0.066771
0 0.333813 0.729667 0.069687 0.071625
0 0.385664 0.724146 0.085234 0.062583
0 0.436133 0.726635 0.073328 0.054188
2 0.755906 0.675677 0.153719 0.092354
2 0.688523 0.673729 0.140078 0.103750
2 0.027461 0.915802 0.054922 0.083979
2 0.877094 0.912073 0.107625 0.094604
2 0.287938 0.737479 0.076969 0.077417
2 0.466727 0.671448 0.047266 0.029479
0 0.188984 0.825104 0.114781 0.089083
0 0.025648 0.899760 0.047766 0.103771
0 0.876469 0.920073 0.109969 0.104729
2 0.815609 0.619000 0.108000 0.051500
2 0.550258 0.797948 0.081484 0.105563
2 0.466586 0.712562 0.088609 0.062083
2 0.393484 0.673927 0.045781 0.028229
2 0.107375 0.610844 0.039594 0.045396
2 0.363812 0.667896 0.031406 0.034083