0 0.119969 0.602010 0.239937 0.147646
0 0.504953 0.540490 0.057406 0.036146
0 0.889813 0.600802 0.220375 0.112604
0 0.451734 0.581729 0.102125 0.078083
0 0.500727 0.569979 0.070234 0.064250
0 0.545398 0.552698 0.036828 0.042146
0 0.564141 0.548177 0.033250 0.038937
0 0.215750 0.579854 0.140125 0.104667
0 0.607617 0.517615 0.017828 0.015229
0 0.378250 0.544937 0.049781 0.031167
0 0.454430 0.535844 0.023047 0.015354
2 0.579055 0.534604 0.044672 0.052458
2 0.310875 0.577458 0.199000 0.121417
0 0.650156 0.592042 0.286500 0.133750