2 0.761211 0.653795 0.059609 0.065538
0 0.362422 0.859359 0.328063 0.280769
0 0.683836 0.867269 0.474109 0.255615
0 0.785906 0.726115 0.132812 0.074128
0 0.674000 0.704833 0.106844 0.104487
0 0.563406 0.731154 0.137625 0.109487
0 0.457336 0.714756 0.114828 0.083308
0 0.176867 0.815756 0.237734 0.209410
1 0.760227 0.657821 0.061516 0.073641
2 0.151523 0.680282 0.033828 0.025949
0 0.332125 0.718756 0.141500 0.064333
0 0.407375 0.693372 0.042625 0.047615
0 0.579086 0.673962 0.090828 0.028436
0 0.080492 0.754256 0.160641 0.177385
0 0.196273 0.688423 0.015453 0.014949
0 0.370797 0.690628 0.034687 0.037462