1 0.341414 0.548883 0.070891 0.046766
1 0.455719 0.501336 0.050156 0.035641
0 0.372820 0.501055 0.023609 0.017047
0 0.344281 0.522125 0.025938 0.016250
0 0.323266 0.512641 0.027125 0.017625
0 0.967836 0.738031 0.029047 0.033031
0 0.264008 0.536055 0.025547 0.016172
0 0.245695 0.522289 0.031109 0.014547
0 0.277406 0.511273 0.027750 0.014984
2 0.454375 0.469859 0.044094 0.032031
2 0.876289 0.822438 0.047047 0.067906
2 0.923008 0.777219 0.039953 0.039719
0 0.258422 0.551664 0.024625 0.015609
0 0.248094 0.570211 0.019969 0.018578
0 0.187148 0.520742 0.029266 0.015203
0 0.401961 0.502234 0.024703 0.013969
0 0.104406 0.548906 0.030094 0.021500
0 0.222734 0.507445 0.025125 0.016016
0 0.553125 0.653125 0.890625 0.628125