0 0.821203 0.562554 0.033563 0.028878
0 0.867453 0.628413 0.075750 0.118783
0 0.825570 0.614236 0.032203 0.067757
0 0.852320 0.560931 0.022609 0.025012
2 0.867516 0.626158 0.083906 0.108162
0 0.920805 0.657446 0.126609 0.135274
0 0.976820 0.586002 0.040859 0.041456
0 0.806820 0.571492 0.034953 0.024320
0 0.686570 0.580525 0.020953 0.036516
0 0.991312 0.589916 0.017375 0.044702
0 0.949375 0.576396 0.034844 0.046348
0 0.869984 0.564893 0.013156 0.014463
0 0.886945 0.560203 0.022766 0.020072
0 0.907055 0.574236 0.017672 0.023508