0 0.245823 0.797203 0.491646 0.351469
0 0.066312 0.620734 0.103125 0.136937
0 0.025729 0.578227 0.051458 0.088484
1 0.441948 0.607867 0.692146 0.505609
0 0.079823 0.485836 0.087438 0.035328
0 0.725135 0.366969 0.089979 0.057719
0 0.555844 0.360750 0.086688 0.040813
0 0.596969 0.359773 0.042521 0.038859
0 0.872313 0.672531 0.255375 0.413406
0 0.954333 0.367781 0.091333 0.037219
0 0.464531 0.368477 0.088354 0.014078
0 0.803771 0.452773 0.163333 0.093891
2 0.866990 0.675125 0.262729 0.421187
0 0.645240 0.366617 0.046062 0.043203
0 0.197396 0.890914 0.387875 0.187016
0 0.319792 0.564063 0.639583 0.465625