0 0.260141 0.555856 0.089438 0.066611
0 0.939320 0.602701 0.112641 0.125403
2 0.280852 0.501711 0.114234 0.094698
1 0.058594 0.567047 0.108813 0.640470
1 0.863938 0.544262 0.266531 0.206644
1 0.399563 0.527265 0.049625 0.074933
1 0.145383 0.519094 0.080516 0.120671
1 0.231961 0.514883 0.101953 0.104195
1 0.485813 0.525654 0.051594 0.075336
1 0.551539 0.524430 0.050016 0.131946
1 0.632609 0.529430 0.024844 0.130940
1 0.610125 0.532164 0.022437 0.131980
1 0.584953 0.524950 0.035781 0.127886
1 0.713023 0.530369 0.044672 0.166376
1 0.658672 0.529060 0.030531 0.142953
2 0.995539 0.587819 0.008922 0.193289
1 0.790141 0.479161 0.241188 0.252483
1 0.588281 0.493289 0.157812 0.174497