0 0.581992 0.862922 0.058797 0.050329
0 0.721234 0.920412 0.130500 0.106337
0 0.233781 0.926965 0.430031 0.101132
0 0.584117 0.848045 0.064484 0.049877
0 0.623102 0.853549 0.029391 0.045165
0 0.643891 0.851471 0.017563 0.042243
0 0.351500 0.882706 0.116062 0.127963
0 0.531164 0.858879 0.049391 0.066975
2 0.795414 0.790597 0.063547 0.075226
0 0.268938 0.834218 0.078531 0.099465
0 0.702844 0.839537 0.047344 0.054918
0 0.501219 0.600545 0.077750 0.013971
2 0.126875 0.782171 0.223687 0.289609
0 0.766555 0.844938 0.091703 0.074198
0 0.484852 0.899753 0.127078 0.150329
0 0.656250 0.862140 0.684375 0.271605