0 0.736977 0.931187 0.101016 0.119833
0 0.739930 0.953979 0.076609 0.092042
0 0.065398 0.956406 0.050641 0.080104
0 0.357984 0.768802 0.056344 0.055646
0 0.386313 0.730906 0.052094 0.062604
0 0.430867 0.622125 0.041641 0.046917
0 0.447180 0.570625 0.036078 0.040708
0 0.406250 0.668594 0.051125 0.064021
0 0.453148 0.543896 0.037828 0.029625
0 0.475586 0.473667 0.035141 0.034625
2 0.599719 0.495698 0.050781 0.104021
2 0.530602 0.574438 0.057609 0.124542
2 0.478227 0.720938 0.069578 0.108917
2 0.518602 0.518219 0.044672 0.070896
2 0.418687 0.827125 0.198844 0.109875
2 0.507055 0.629406 0.061453 0.140146
2 0.538664 0.459229 0.048672 0.116292
2 0.520688 0.481969 0.051031 0.068021
2 0.739531 0.934417 0.098687 0.123250
0 0.250234 0.927823 0.077563 0.096854
0 0.706984 0.665917 0.038594 0.047750
2 0.478812 0.674938 0.072094 0.093458
2 0.178563 0.940219 0.096531 0.086021
2 0.578313 0.871156 0.207437 0.127396
0 0.488281 0.429167 0.092188 0.208333