2 0.127773 0.536311 0.108078 0.129063
0 0.745148 0.619789 0.109297 0.134098
0 0.936742 0.667670 0.126516 0.140632
0 0.055117 0.607740 0.103766 0.172155
2 0.060070 0.606101 0.095578 0.161991
2 0.650898 0.602389 0.107547 0.131522
0 0.858250 0.655515 0.108187 0.126347
0 0.789016 0.640984 0.110813 0.117424
0 0.038570 0.649040 0.077141 0.233396
0 0.500781 0.645878 0.998437 0.237658
0 0.230922 0.448946 0.015781 0.023653
0 0.086852 0.485960 0.037047 0.041710
0 0.191414 0.504520 0.024078 0.041171
0 0.646648 0.602611 0.100859 0.132061
0 0.100016 0.466874 0.020063 0.016885