0 0.804903 0.868242 0.390193 0.137328
0 0.314208 0.855531 0.200811 0.101156
0 0.409884 0.833844 0.114131 0.056969
0 0.260946 0.184633 0.089614 0.046047
0 0.222143 0.818148 0.049807 0.028328
0 0.155415 0.814133 0.036815 0.017797
0 0.628687 0.820805 0.102278 0.045109
2 0.689015 0.481273 0.606795 0.300141
2 0.258349 0.486250 0.151255 0.087313
2 0.467838 0.180898 0.313745 0.186516
0 0.376583 0.495320 0.042278 0.013172
0 0.721680 0.184141 0.090927 0.027625
0 0.187886 0.814117 0.035888 0.027328
0 0.126718 0.813656 0.015367 0.013375
0 0.117944 0.813203 0.014691 0.014000
2 0.124981 0.485906 0.083127 0.053312
2 0.898687 0.187977 0.202625 0.071109