0 0.322297 0.157717 0.108937 0.136042
0 0.557742 0.277529 0.110953 0.128080
0 0.900570 0.501792 0.093641 0.125738
0 0.641758 0.789578 0.163609 0.199391
2 0.623102 0.553407 0.195766 0.251077
2 0.422242 0.141335 0.139016 0.168244
0 0.192594 0.188115 0.164906 0.160211
0 0.971742 0.065878 0.056516 0.070585
0 0.741680 0.688021 0.144797 0.197400
0 0.540148 0.905960 0.177391 0.188080
0 0.515430 0.106674 0.079172 0.097892
0 0.062719 0.266007 0.119813 0.114684
0 0.570234 0.089204 0.080000 0.092084
2 0.749234 0.073770 0.118906 0.147541
2 0.530008 0.908747 0.181266 0.182506