0 0.895734 0.134380 0.081187 0.085041
0 0.096234 0.321622 0.192469 0.546384
1 0.833289 0.114132 0.058609 0.066529
0 0.705539 0.118058 0.051734 0.055496
0 0.651766 0.114039 0.052469 0.024029
2 0.965195 0.104649 0.061703 0.105455
0 0.635109 0.130795 0.037500 0.043864
0 0.777906 0.132169 0.043000 0.032975
0 0.741477 0.135785 0.026078 0.023678
0 0.751055 0.133058 0.023391 0.026570
2 0.097102 0.338275 0.186734 0.562955
2 0.460008 0.178461 0.314141 0.319277
2 0.896508 0.137324 0.076203 0.081384
0 0.670336 0.126994 0.019984 0.022128