0 0.301875 0.463809 0.105750 0.165071
0 0.478570 0.450660 0.097734 0.154245
0 0.044648 0.541333 0.088203 0.158797
0 0.895508 0.257382 0.040453 0.057075
0 0.758789 0.291946 0.128047 0.091816
0 0.586719 0.354894 0.107156 0.070495
0 0.206750 0.522594 0.096344 0.131981
0 0.371008 0.417040 0.057672 0.058042
0 0.114219 0.534823 0.103156 0.139976
2 0.302133 0.474469 0.110047 0.184788
2 0.955727 0.251356 0.088547 0.242288
0 0.667922 0.405554 0.197125 0.158467
0 0.956961 0.253054 0.086078 0.242665
0 0.179273 0.477512 0.061516 0.049788