0 0.506883 0.812903 0.158297 0.193532
0 0.738258 0.802152 0.146141 0.206468
0 0.593547 0.612748 0.112844 0.141832
0 0.757523 0.668709 0.106797 0.114327
0 0.235672 0.879790 0.199719 0.216711
0 0.419117 0.601126 0.135203 0.155055
0 0.497703 0.538521 0.103688 0.152318
1 0.210680 0.606722 0.328078 0.408985
1 0.433773 0.315143 0.130703 0.164150
0 0.054422 0.883742 0.108844 0.232517
0 0.765625 0.574349 0.080312 0.075320
0 0.592063 0.709857 0.132656 0.168455
1 0.543266 0.228587 0.074813 0.103091
2 0.373188 0.732594 0.177687 0.217947
0 0.689195 0.419095 0.074641 0.084503