2 0.714836 0.548212 0.059203 0.086118
2 0.700398 0.417012 0.026047 0.044753
0 0.704648 0.486671 0.050859 0.048682
0 0.566523 0.476871 0.040141 0.044282
0 0.499695 0.492118 0.067297 0.038918
0 0.645305 0.470706 0.020016 0.034871
0 0.661750 0.456259 0.025781 0.033835
0 0.622437 0.437129 0.022125 0.012894
0 0.624852 0.478141 0.036578 0.050729
0 0.694297 0.431059 0.020469 0.032047
0 0.748312 0.534353 0.028594 0.060518
0 0.349414 0.483976 0.074328 0.046918
0 0.769633 0.408647 0.014266 0.018282
0 0.986102 0.505635 0.027766 0.038188
0 0.665625 0.440000 0.178125 0.103529