0 0.852617 0.268991 0.059484 0.037324
0 0.754352 0.237077 0.028047 0.026831
0 0.714562 0.236232 0.030312 0.029366
0 0.151625 0.203967 0.029469 0.030939
0 0.831836 0.245469 0.019203 0.018732
0 0.588258 0.221608 0.023047 0.016878
0 0.883172 0.266913 0.046750 0.041291
0 0.691484 0.235023 0.028750 0.027934
0 0.953250 0.277664 0.073344 0.045047
0 0.562883 0.227254 0.023859 0.021033
0 0.611031 0.231608 0.030594 0.024343
0 0.786578 0.242500 0.026812 0.027066
0 0.801898 0.227700 0.019328 0.012300
0 0.642188 0.234742 0.703125 0.079812