0 0.892742 0.542354 0.214516 0.234417
0 0.456289 0.338354 0.083703 0.118000
0 0.772258 0.348708 0.162891 0.138625
0 0.950000 0.392135 0.100000 0.123604
1 0.221797 0.193281 0.060750 0.107104
0 0.643227 0.282458 0.099234 0.072917
0 0.705859 0.265188 0.068687 0.058708
2 0.129523 0.458281 0.246328 0.490896
2 0.343953 0.342500 0.184563 0.317667
2 0.686227 0.160312 0.084516 0.037208
2 0.509195 0.270333 0.108453 0.126875
0 0.570992 0.259656 0.070734 0.079187
0 0.563031 0.220396 0.069375 0.047583
0 0.412539 0.226917 0.035828 0.051750
2 0.676898 0.397458 0.184234 0.188833
2 0.108219 0.232854 0.154062 0.217917
2 0.631180 0.200458 0.044422 0.048917
2 0.952148 0.206719 0.095703 0.079937
0 0.770734 0.288500 0.105656 0.075333
2 0.255977 0.156354 0.039297 0.059333
0 0.632148 0.201292 0.048703 0.054542
2 0.773367 0.349177 0.157203 0.132021
0 0.617188 0.239583 0.662500 0.183333