1 0.249593 0.849211 0.499186 0.275172
0 0.845731 0.870891 0.088121 0.052031
0 0.866942 0.852555 0.085115 0.039391
0 0.884843 0.841266 0.057704 0.026312
0 0.762808 0.843148 0.060647 0.047891
0 0.785344 0.810211 0.016534 0.011453
0 0.534593 0.836984 0.080459 0.041969
0 0.630866 0.831461 0.038184 0.022672
0 0.582349 0.837219 0.031754 0.032844
0 0.601994 0.833164 0.028330 0.025547
0 0.656169 0.824375 0.040981 0.029531
0 0.751002 0.811438 0.027474 0.012063
0 0.684666 0.819625 0.032756 0.025688
0 0.913820 0.839094 0.022923 0.029094
0 0.677453 0.828125 0.482255 0.062500