2 0.353484 0.627289 0.059281 0.052277
0 0.413648 0.632805 0.086578 0.039977
0 0.298094 0.635270 0.054781 0.043592
0 0.320016 0.646150 0.030812 0.017324
0 0.516602 0.629425 0.048266 0.047864
0 0.697086 0.631068 0.061266 0.041667
0 0.641984 0.627969 0.087469 0.052793
0 0.093766 0.637735 0.067656 0.060962
0 0.024992 0.644871 0.034703 0.045516
0 0.775039 0.629073 0.092828 0.054671
0 0.588578 0.636984 0.026406 0.032981
0 0.483500 0.642723 0.022875 0.019437
0 0.564352 0.627430 0.023766 0.040634
0 0.478906 0.627934 0.501563 0.053991