0 0.638891 0.622281 0.097062 0.095771
0 0.916258 0.635010 0.098203 0.096312
0 0.809266 0.614333 0.075063 0.084875
0 0.980172 0.662812 0.039656 0.108083
0 0.852883 0.616198 0.105328 0.087438
0 0.733523 0.594490 0.062453 0.080771
0 0.706078 0.592792 0.034594 0.076792
0 0.742781 0.606500 0.034875 0.075708
0 0.499383 0.573229 0.048766 0.061208
0 0.475672 0.567000 0.018438 0.053167
0 0.956703 0.645135 0.086594 0.111271
2 0.595664 0.554760 0.085109 0.105063
2 0.798391 0.599781 0.095250 0.102646
0 0.416484 0.560385 0.008656 0.027979
0 0.567187 0.564583 0.253125 0.050000