0 0.984900 0.953667 0.029920 0.029680
0 0.695700 0.984640 0.033080 0.028053
0 0.951450 0.973840 0.030540 0.038720
0 0.543650 0.987533 0.058380 0.024133
0 0.894450 0.973867 0.074380 0.051520
2 0.838270 0.974760 0.133260 0.050480
2 0.598670 0.965893 0.076060 0.036480
0 0.729200 0.981853 0.035960 0.034107
0 0.639330 0.983920 0.054660 0.032160
0 0.513460 0.992587 0.043360 0.014560
0 0.978110 0.970000 0.038380 0.039200
1 0.799120 0.516427 0.218120 0.373760
2 0.543740 0.984747 0.058800 0.030507
0 0.603830 0.987227 0.033220 0.025547
2 0.777520 0.976213 0.068080 0.047573