0 0.961211 0.957896 0.074922 0.084208
0 0.464297 0.838354 0.111531 0.074708
0 0.393344 0.795365 0.041656 0.046604
0 0.363766 0.758229 0.026219 0.027125
0 0.448594 0.752323 0.024625 0.026187
0 0.607844 0.863844 0.103344 0.098312
0 0.417555 0.761594 0.024922 0.027396
0 0.312352 0.786375 0.037703 0.048167
0 0.405859 0.783042 0.035719 0.039083
0 0.408836 0.751104 0.022984 0.021292
0 0.438305 0.727802 0.017172 0.023896
0 0.400906 0.702135 0.017156 0.008687
0 0.421883 0.710948 0.014016 0.016813
0 0.424219 0.716667 0.064062 0.095833