0 0.767125 0.842150 0.465750 0.315701
0 0.441812 0.722220 0.118781 0.076215
0 0.151492 0.739217 0.132922 0.066472
0 0.398320 0.691636 0.028609 0.028505
0 0.486617 0.683411 0.024484 0.029206
0 0.479938 0.668493 0.015594 0.015724
0 0.441094 0.676530 0.018937 0.019696
0 0.734742 0.670736 0.035047 0.034743
0 0.410078 0.685981 0.016813 0.026121
2 0.474797 0.645771 0.014344 0.022477
2 0.411445 0.677862 0.021484 0.026893
0 0.029180 0.735584 0.058359 0.057570
0 0.428414 0.675572 0.012359 0.026238
0 0.429688 0.659603 0.013375 0.013178