0 0.410117 0.578073 0.271047 0.138271
0 0.063938 0.595802 0.127875 0.116479
0 0.129125 0.529521 0.106531 0.080042
0 0.573867 0.484635 0.026891 0.025604
0 0.290117 0.487281 0.030953 0.030104
0 0.207297 0.490479 0.021313 0.014875
0 0.232984 0.486615 0.017063 0.026396
0 0.405812 0.501552 0.030844 0.015979
0 0.335672 0.499188 0.091625 0.016292
0 0.380352 0.488719 0.037828 0.032229
0 0.030328 0.497052 0.059156 0.047188
0 0.531078 0.486792 0.056094 0.031708
0 0.746258 0.548344 0.140234 0.094812
0 0.556250 0.505208 0.284375 0.085417