0 0.890260 0.879688 0.219479 0.240625
0 0.680771 0.790266 0.076792 0.027969
0 0.539906 0.780492 0.044062 0.033203
0 0.800896 0.864727 0.097125 0.177547
0 0.252875 0.816734 0.084667 0.056375
0 0.383000 0.809148 0.078375 0.054641
0 0.821385 0.836773 0.203313 0.182516
0 0.759073 0.778742 0.079104 0.074922
1 0.473427 0.777258 0.110146 0.097453
1 0.617104 0.736469 0.036208 0.057719
1 0.583010 0.722406 0.046104 0.023813
1 0.718187 0.743437 0.053042 0.043094
1 0.660521 0.748977 0.055958 0.041672
1 0.722385 0.714195 0.041188 0.015828