0 0.394266 0.786628 0.108062 0.061967
0 0.067547 0.780105 0.135094 0.077447
0 0.473656 0.779157 0.053719 0.042576
0 0.422805 0.763817 0.055328 0.030539
0 0.627250 0.782775 0.050406 0.042693
0 0.219695 0.787951 0.173234 0.097354
0 0.934945 0.891604 0.130109 0.186393
0 0.921961 0.790691 0.156078 0.153138
0 0.323227 0.775246 0.064266 0.041077
0 0.279828 0.761593 0.051687 0.037845
0 0.515711 0.775621 0.034703 0.037939
0 0.537156 0.773841 0.027719 0.034614
2 0.583406 0.777248 0.050656 0.047845
0 0.457742 0.760363 0.030516 0.025129
2 0.684320 0.772892 0.028484 0.037400
0 0.618750 0.766979 0.146875 0.044496