2 0.867422 0.681430 0.265156 0.248319
0 0.868758 0.694116 0.262484 0.244694
0 0.775406 0.654487 0.146094 0.208624
0 0.839211 0.500622 0.067828 0.069498
0 0.976789 0.520197 0.046422 0.054279
0 0.953242 0.492838 0.065172 0.029345
0 0.915906 0.484148 0.054094 0.044585
0 0.929805 0.458439 0.040203 0.041987
0 0.952086 0.445633 0.029953 0.041135
0 0.983500 0.461867 0.033000 0.040328
0 0.887625 0.528188 0.161344 0.050393
0 0.914500 0.439978 0.043875 0.038515
0 0.735781 0.600862 0.075344 0.086223
0 0.889211 0.482183 0.049172 0.048996
0 0.549219 0.332969 0.898438 0.665939