0 0.569203 0.492875 0.197031 0.107708
0 0.804125 0.496896 0.175687 0.054208
0 0.758250 0.468052 0.031625 0.028104
0 0.692336 0.502729 0.016859 0.063833
0 0.030539 0.474073 0.053453 0.057646
0 0.294172 0.483083 0.094531 0.062542
0 0.331172 0.464948 0.057188 0.026771
0 0.463047 0.497781 0.118656 0.086937
0 0.064883 0.478167 0.067672 0.056958
0 0.399562 0.479729 0.039219 0.054667
0 0.780234 0.464656 0.030844 0.019188
0 0.098102 0.480052 0.041266 0.049896
0 0.128281 0.472313 0.010906 0.025792
0 0.521875 0.467708 0.615625 0.056250