0 0.388281 0.367219 0.058344 0.045104
0 0.531695 0.366198 0.158859 0.062646
0 0.515305 0.394354 0.140422 0.086917
0 0.591055 0.401896 0.115297 0.105750
0 0.675500 0.392188 0.153313 0.135917
0 0.751430 0.408719 0.209547 0.138563
0 0.446164 0.390052 0.042047 0.062021
0 0.437867 0.379125 0.053453 0.043375
0 0.344711 0.360312 0.050016 0.037500
0 0.586391 0.372667 0.083687 0.039458
2 0.531945 0.366396 0.165234 0.070000
0 0.161688 0.423385 0.035063 0.057146
2 0.114937 0.528573 0.218187 0.449354
2 0.882461 0.383125 0.233766 0.200000
0 0.461719 0.362500 0.835938 0.120833