0 0.940898 0.406218 0.118203 0.169391
0 0.546687 0.400656 0.107813 0.124543
0 0.536859 0.350363 0.123906 0.075199
0 0.158406 0.379848 0.144531 0.097400
0 0.031219 0.396756 0.061344 0.164801
0 0.074320 0.398138 0.077922 0.074028
0 0.846711 0.404895 0.022609 0.060656
0 0.667227 0.364262 0.046703 0.036066
0 0.047508 0.351733 0.082734 0.058314
0 0.694828 0.356089 0.040313 0.023700
0 0.358687 0.392892 0.059062 0.119602
0 0.665461 0.404883 0.039703 0.106721
0 0.347625 0.328817 0.045125 0.016651
0 0.279687 0.343091 0.484375 0.053864