0 0.523310 0.727977 0.017286 0.010047
0 0.489369 0.739156 0.016976 0.010969
0 0.490476 0.708398 0.015286 0.008172
0 0.579500 0.738281 0.020333 0.011500
0 0.549452 0.726102 0.015762 0.009078
0 0.571012 0.733227 0.015500 0.009641
0 0.553667 0.743672 0.019905 0.007938
0 0.529869 0.711102 0.013500 0.007828
0 0.472738 0.704836 0.017476 0.008453
0 0.438762 0.694125 0.026952 0.006719
0 0.518821 0.714328 0.014643 0.008625
0 0.643548 0.730250 0.010857 0.006969
0 0.282488 0.791734 0.011214 0.011344
0 0.420238 0.758594 0.107143 0.132812