0 0.971315 0.669813 0.057371 0.058750
0 0.903545 0.660523 0.141268 0.054078
0 0.733474 0.643945 0.100892 0.051109
0 0.820164 0.654602 0.110563 0.052016
0 0.150775 0.631969 0.067277 0.031187
0 0.648474 0.644430 0.076573 0.033734
0 0.612465 0.640242 0.041878 0.027891
0 0.465047 0.644305 0.035117 0.037203
2 0.597124 0.630594 0.068944 0.042812
0 0.492746 0.633055 0.039343 0.021891
0 0.534847 0.628570 0.037676 0.016547
0 0.272735 0.638898 0.107582 0.034891
2 0.077676 0.635289 0.093944 0.057453
0 0.560446 0.635570 0.019953 0.021609