0 0.233648 0.657104 0.050641 0.043208
0 0.271531 0.638344 0.032438 0.020188
0 0.282297 0.627688 0.039563 0.035625
0 0.295742 0.614177 0.034172 0.038312
0 0.322836 0.598906 0.029578 0.026271
0 0.653219 0.611604 0.042469 0.029375
0 0.211906 0.648271 0.048656 0.049333
0 0.404062 0.561531 0.016781 0.018854
0 0.505336 0.664073 0.049516 0.043229
0 0.856219 0.613792 0.084906 0.036250
0 0.360242 0.580677 0.024672 0.027271
0 0.425063 0.560771 0.012188 0.015542
0 0.220273 0.620500 0.056734 0.032792
0 0.560156 0.387500 0.685937 0.550000