1 0.857148 0.742905 0.174516 0.244893
2 0.538578 0.732813 0.139406 0.235413
2 0.719422 0.754526 0.103594 0.126728
0 0.290125 0.742156 0.032563 0.065657
0 0.320039 0.753043 0.032453 0.061437
0 0.248750 0.755275 0.028719 0.049388
0 0.441102 0.772783 0.064859 0.098960
0 0.239773 0.687920 0.011047 0.023119
0 0.975008 0.729052 0.049984 0.113333
1 0.455578 0.702661 0.050906 0.079266
1 0.062250 0.767966 0.121094 0.191529
1 0.145055 0.746315 0.031109 0.122661
0 0.171469 0.740245 0.016469 0.029908
0 0.241070 0.644771 0.010703 0.016942
0 0.125344 0.748685 0.030781 0.120489
0 0.210891 0.765933 0.044438 0.102018
0 0.404266 0.744817 0.021969 0.046208
1 0.618836 0.725917 0.065891 0.138196
0 0.369258 0.756131 0.059078 0.103700
0 0.514062 0.738532 0.865625 0.253823