0 0.016242 0.610831 0.032484 0.078946
0 0.068609 0.591347 0.090125 0.087845
0 0.169539 0.577963 0.069984 0.061780
0 0.216531 0.556909 0.059000 0.078080
0 0.264594 0.553349 0.040250 0.047775
0 0.285820 0.541581 0.041141 0.053419
0 0.940312 0.569286 0.119375 0.068876
0 0.963742 0.593068 0.072516 0.086042
0 0.825086 0.538138 0.057703 0.044145
0 0.411500 0.516721 0.023406 0.027775
0 0.398352 0.520035 0.032172 0.032155
0 0.883820 0.549391 0.060953 0.061733
0 0.335898 0.537131 0.044578 0.041429
0 0.454687 0.528103 0.850000 0.105386