0 0.609266 0.547750 0.301687 0.141583
0 0.792891 0.481979 0.018469 0.023708
0 0.859500 0.499604 0.036719 0.040167
0 0.875781 0.490500 0.027656 0.034375
0 0.807922 0.480208 0.016250 0.019917
0 0.775039 0.485208 0.032891 0.030667
0 0.881195 0.467687 0.017141 0.008167
2 0.484711 0.501833 0.108609 0.062500
2 0.676039 0.477854 0.043172 0.031875
0 0.673961 0.476854 0.043016 0.033000
0 0.840617 0.464875 0.010609 0.009667
0 0.846820 0.463823 0.005641 0.008063
0 0.879812 0.457573 0.007719 0.008146
0 0.857109 0.457781 0.005125 0.011729