2 0.710896 0.804516 0.067000 0.043188
2 0.949875 0.738813 0.100250 0.055437
0 0.844917 0.894422 0.054583 0.057750
0 0.877437 0.612094 0.021250 0.015938
0 0.829417 0.950156 0.066458 0.059250
0 0.876760 0.584422 0.024813 0.015281
0 0.948052 0.557898 0.020271 0.014453
2 0.768500 0.708555 0.046583 0.045703
0 0.845146 0.828453 0.047417 0.029156
0 0.796604 0.806828 0.035625 0.022906
0 0.709990 0.757297 0.100479 0.028344
0 0.828698 0.873008 0.039604 0.040047
0 0.811219 0.849836 0.058729 0.031328
0 0.776667 0.826875 0.044958 0.028750
0 0.793896 0.778633 0.029125 0.027297
2 0.725854 0.897023 0.132208 0.146047
2 0.643250 0.887531 0.124875 0.142844
0 0.840260 0.747656 0.084812 0.020781
0 0.861458 0.633594 0.164583 0.229687