0 0.654344 0.421098 0.029594 0.029252
0 0.731938 0.421577 0.020406 0.031192
0 0.351508 0.409766 0.029391 0.030514
0 0.378500 0.408259 0.025188 0.024743
0 0.756914 0.420561 0.029234 0.027757
0 0.554656 0.421577 0.025594 0.023481
0 0.587031 0.421355 0.035406 0.024159
0 0.810836 0.396121 0.034141 0.011869
0 0.108836 0.396285 0.012359 0.018879
0 0.823648 0.424171 0.039641 0.029136
0 0.791195 0.423131 0.025297 0.022897
0 0.621563 0.417161 0.048594 0.035210
0 0.765672 0.396203 0.025438 0.010444
0 0.499219 0.404206 0.998437 0.070093