0 0.822672 0.543823 0.037375 0.026354
0 0.815992 0.521427 0.034766 0.019396
0 0.841648 0.521969 0.024641 0.023854
0 0.790094 0.532896 0.033000 0.020542
1 0.770750 0.572010 0.127281 0.125146
1 0.499953 0.587750 0.086563 0.119333
1 0.420336 0.598688 0.068953 0.119333
1 0.673188 0.589885 0.106969 0.121979
1 0.154938 0.594229 0.065875 0.124708
1 0.064680 0.598219 0.070922 0.138187
1 0.574305 0.587271 0.081891 0.122958
1 0.509172 0.526406 0.053844 0.058854
1 0.904188 0.480115 0.121031 0.037312
1 0.236250 0.595885 0.065750 0.122063
1 0.321664 0.609479 0.041328 0.076208
0 0.982000 0.600021 0.035313 0.032458
0 0.934461 0.578302 0.073766 0.032896
0 0.881484 0.517719 0.033313 0.011813
0 0.786234 0.519698 0.040313 0.024646
1 0.445852 0.536333 0.043297 0.078708