0 0.144492 0.855527 0.288578 0.288946
0 0.548344 0.772377 0.034469 0.058759
0 0.388609 0.766148 0.035937 0.041288
0 0.202836 0.751136 0.024734 0.028361
0 0.329695 0.718993 0.018203 0.028665
1 0.752820 0.722178 0.377328 0.334426
2 0.272398 0.756370 0.102984 0.170023
0 0.202250 0.721112 0.026969 0.028829
2 0.054570 0.740574 0.091766 0.082974
0 0.116578 0.767752 0.045844 0.071944
0 0.963469 0.891148 0.073063 0.217705
0 0.544750 0.764719 0.041969 0.061148
2 0.172719 0.769450 0.051094 0.080117
0 0.558906 0.779813 0.015406 0.058407