0 0.558930 0.243279 0.085672 0.129321
0 0.663055 0.258981 0.085078 0.091733
0 0.814867 0.269660 0.061484 0.130328
0 0.766477 0.255585 0.116266 0.134169
0 0.958563 0.296511 0.082875 0.176862
0 0.499469 0.226194 0.029563 0.041897
0 0.044781 0.243150 0.089563 0.138899
0 0.090000 0.253279 0.027563 0.107119
0 0.985695 0.327869 0.028609 0.136581
0 0.889359 0.298642 0.106187 0.147119
0 0.165805 0.242845 0.059109 0.066909
0 0.225852 0.231780 0.019234 0.058829
0 0.255492 0.222178 0.044984 0.064965
0 0.519531 0.223653 0.739062 0.250585