0 0.093031 0.455761 0.016656 0.022763
0 0.116875 0.457412 0.030094 0.017260
0 0.203156 0.455023 0.031656 0.019227
0 0.285656 0.452190 0.027000 0.019368
0 0.499891 0.448665 0.025781 0.018735
0 0.701086 0.439766 0.028109 0.020422
0 0.723687 0.442178 0.019656 0.014473
0 0.024375 0.462998 0.019875 0.014426
0 0.171625 0.454098 0.031563 0.023326
0 0.261187 0.451429 0.032688 0.024684
0 0.475133 0.447681 0.026734 0.024122
0 0.568031 0.444578 0.032156 0.023255
0 0.741375 0.439567 0.024219 0.015902
2 0.650805 0.442295 0.035828 0.023607
2 0.478500 0.448244 0.031938 0.015972
0 0.347656 0.451991 0.692187 0.051522