0 0.771734 0.573760 0.022094 0.014729
0 0.754789 0.569979 0.020734 0.013000
0 0.787492 0.573937 0.025234 0.014750
0 0.787156 0.586052 0.030375 0.020562
0 0.818563 0.581240 0.021969 0.016063
0 0.843281 0.566063 0.013781 0.011500
0 0.525859 0.526687 0.015719 0.013792
0 0.535055 0.528260 0.015141 0.012687
0 0.111484 0.932906 0.054562 0.037021
0 0.094891 0.924656 0.051687 0.041854
0 0.070727 0.898167 0.059016 0.038875
0 0.059305 0.879292 0.059672 0.041708
1 0.138734 0.417260 0.031406 0.018812
0 0.876797 0.524198 0.016219 0.014187
0 0.496875 0.676042 0.993750 0.643750