0 0.144008 0.979209 0.018109 0.041582
0 0.125336 0.889504 0.016828 0.036702
0 0.133063 0.930724 0.017656 0.037641
0 0.639828 0.901783 0.029781 0.030214
0 0.511359 0.914987 0.034094 0.042842
0 0.598969 0.956689 0.042594 0.039383
0 0.639453 0.874290 0.038187 0.044987
0 0.563805 0.944558 0.030141 0.029383
0 0.773813 0.801327 0.025375 0.021689
0 0.799977 0.789772 0.025609 0.023083
2 0.852680 0.774464 0.048891 0.057453
0 0.546891 0.897131 0.036625 0.038391
0 0.541773 0.922815 0.039797 0.045952
0 0.513281 0.522788 0.970313 0.932976