0 0.674837 0.630000 0.164085 0.075229
0 0.291838 0.373423 0.047173 0.029167
0 0.451340 0.392721 0.065686 0.031520
0 0.177075 0.348023 0.035817 0.023660
0 0.449673 0.349093 0.041405 0.019886
0 0.638562 0.417092 0.088007 0.031176
1 0.252377 0.535711 0.280212 0.191258
1 0.809869 0.408194 0.185294 0.087010
0 0.484861 0.387802 0.058709 0.032631
0 0.217337 0.362288 0.050915 0.028431
0 0.069910 0.370735 0.045310 0.021993
2 0.153342 0.411887 0.049363 0.060343
0 0.316324 0.369649 0.038497 0.029788
0 0.374191 0.383423 0.062500 0.031389
0 0.951953 0.444158 0.023382 0.051944
0 0.382353 0.343954 0.473856 0.178105