0 0.906797 0.672448 0.148125 0.150271
0 0.979227 0.640552 0.041547 0.053812
0 0.736031 0.626010 0.054344 0.042104
0 0.244703 0.662583 0.039688 0.047875
2 0.369945 0.641198 0.220797 0.312354
0 0.217070 0.672490 0.029266 0.039021
2 0.164984 0.671385 0.089031 0.084271
2 0.039234 0.702333 0.078469 0.130750
2 0.877484 0.623750 0.205219 0.092708
0 0.750234 0.634042 0.039594 0.049208
0 0.096289 0.683771 0.034203 0.028042
1 0.375586 0.634646 0.232109 0.309500
0 0.546633 0.652604 0.058109 0.042625
0 0.265219 0.666073 0.005594 0.018188