0 0.828880 0.388064 0.123640 0.089443
0 0.918470 0.281830 0.086380 0.090292
0 0.774480 0.151300 0.062800 0.047798
0 0.686530 0.090358 0.059220 0.039973
0 0.957110 0.171154 0.052540 0.053554
0 0.930050 0.507666 0.129340 0.089655
0 0.743080 0.072016 0.048640 0.037878
0 0.462270 0.063780 0.052380 0.031432
0 0.984850 0.183952 0.029780 0.061751
0 0.647430 0.015133 0.045380 0.026233
0 0.263010 0.024337 0.050780 0.038223
0 0.325960 0.030729 0.038840 0.023156
0 0.337810 0.201525 0.041780 0.032706
2 0.660590 0.350027 0.105180 0.073103
2 0.986410 0.183647 0.027180 0.052016
0 0.599000 0.194960 0.798000 0.389920