0 0.314766 0.432406 0.067125 0.041604
0 0.437750 0.456639 0.062437 0.052901
0 0.364266 0.445259 0.077344 0.025755
0 0.232938 0.434045 0.051156 0.033278
0 0.039867 0.429163 0.067641 0.036344
0 0.849430 0.450283 0.038922 0.030236
0 0.130648 0.438467 0.023016 0.025991
0 0.413156 0.433243 0.037812 0.018325
2 0.674336 0.454670 0.382391 0.276368
0 0.983078 0.457276 0.033844 0.033420
0 0.110477 0.429257 0.034047 0.035354
0 0.193688 0.444481 0.014594 0.014764
0 0.079812 0.434104 0.009187 0.029340
0 0.718750 0.505896 0.515625 0.205189