0 0.451852 0.459469 0.079391 0.063062
0 0.766266 0.478021 0.054594 0.072792
0 0.892359 0.473969 0.107187 0.078563
0 0.047336 0.522094 0.094672 0.102188
0 0.518578 0.455760 0.048656 0.067562
0 0.796531 0.451677 0.017469 0.025438
0 0.477961 0.458521 0.033297 0.064292
0 0.076023 0.459167 0.033047 0.016125
0 0.497180 0.444115 0.047547 0.048354
0 0.026797 0.476635 0.052594 0.074104
2 0.314164 0.509323 0.188797 0.176229
2 0.845898 0.452615 0.086109 0.089396
0 0.741625 0.442896 0.095656 0.036542
0 0.545312 0.490625 0.906250 0.181250