0 0.686977 0.515104 0.047453 0.028000
0 0.544742 0.505385 0.023516 0.020771
1 0.598477 0.503000 0.042141 0.089250
0 0.544797 0.505708 0.022625 0.022542
0 0.492281 0.517313 0.021063 0.033625
0 0.283688 0.545469 0.047594 0.077854
0 0.505906 0.513844 0.018406 0.028438
0 0.456320 0.506771 0.013766 0.025125
0 0.507023 0.480292 0.008828 0.007917
0 0.532398 0.501615 0.012391 0.016521
1 0.368914 0.539896 0.124047 0.117667
2 0.481773 0.577625 0.059641 0.063875
2 0.446430 0.510062 0.018797 0.036375
0 0.519422 0.554313 0.015219 0.030875
0 0.643211 0.516250 0.051328 0.025708
0 0.785305 0.511146 0.062953 0.039167
1 0.533687 0.477646 0.022687 0.036042
2 0.289383 0.519583 0.036516 0.025042