0 0.093281 0.554481 0.029219 0.024292
0 0.013570 0.574175 0.025672 0.070189
0 0.123398 0.545625 0.026641 0.032099
0 0.189656 0.530849 0.012438 0.016745
0 0.143375 0.543172 0.017375 0.024269
0 0.256227 0.540696 0.015391 0.020307
2 0.561266 0.539458 0.279125 0.299670
2 0.783023 0.587465 0.180734 0.131958
2 0.929867 0.573443 0.140266 0.139057
0 0.038031 0.568620 0.035656 0.053514
0 0.342641 0.570649 0.050875 0.051203
0 0.169977 0.530932 0.012578 0.011061
0 0.154656 0.538715 0.012562 0.020920
0 0.185117 0.512300 0.007641 0.009505
0 0.228906 0.518868 0.104688 0.047170