0 0.679031 0.102615 0.032031 0.014639
0 0.838148 0.101860 0.030422 0.033742
0 0.406289 0.082374 0.034578 0.019891
0 0.907852 0.114103 0.026859 0.024836
0 0.942195 0.111597 0.033422 0.031510
0 0.802312 0.105755 0.027656 0.031116
0 0.629859 0.097593 0.032469 0.021400
0 0.901930 0.102965 0.025297 0.023611
0 0.602070 0.092856 0.035984 0.030525
0 0.873172 0.108392 0.028906 0.035427
0 0.976633 0.117560 0.026016 0.027155
0 0.654883 0.098796 0.023734 0.018993
2 0.522211 0.093753 0.010172 0.019672
2 0.756812 0.096171 0.021031 0.029015
2 0.555859 0.093053 0.032250 0.026543
0 0.708836 0.103053 0.030453 0.019540
2 0.939711 0.108884 0.036641 0.043414
2 0.580523 0.091236 0.029453 0.033720
0 0.718750 0.087527 0.559375 0.083151