0 0.776910 0.647069 0.053340 0.043867
0 0.759550 0.613187 0.035660 0.025831
0 0.654610 0.568973 0.018300 0.013897
0 0.821340 0.638565 0.052360 0.035136
0 0.638800 0.553807 0.023800 0.020242
0 0.228590 0.642508 0.049900 0.034804
0 0.399470 0.539471 0.014060 0.018036
0 0.277260 0.600332 0.035160 0.028580
2 0.702060 0.567840 0.069800 0.058278
0 0.969490 0.717734 0.060060 0.049728
0 0.721510 0.604940 0.044620 0.029215
2 0.721600 0.605619 0.037200 0.036193
0 0.617320 0.540937 0.011200 0.017704
0 0.381030 0.545891 0.011620 0.011299
0 0.609540 0.535287 0.012040 0.012447
0 0.687000 0.688822 0.622000 0.241692