0 0.290385 0.744133 0.022771 0.009828
0 0.411490 0.748086 0.014354 0.009703
0 0.377667 0.754117 0.023333 0.006703
1 0.178604 0.768555 0.051292 0.008859
0 0.189188 0.760477 0.013083 0.007953
0 0.120333 0.763992 0.013708 0.006547
0 0.294833 0.760047 0.010125 0.004969
0 0.101281 0.763320 0.017021 0.009922
0 0.175844 0.740391 0.019813 0.006313
0 0.328448 0.754625 0.008229 0.005250
0 0.237104 0.765484 0.017000 0.008625
0 0.250062 0.762648 0.009042 0.005297
0 0.308188 0.756820 0.018625 0.006641
0 0.228740 0.761242 0.015396 0.009047
0 0.237500 0.707031 0.470833 0.123438