0 0.231729 0.793617 0.103792 0.053422
0 0.411354 0.776008 0.056208 0.033641
0 0.492281 0.768055 0.021771 0.015453
0 0.672750 0.786352 0.036208 0.040297
0 0.702229 0.792398 0.052958 0.068891
0 0.730500 0.798930 0.068542 0.089703
0 0.846052 0.828570 0.254688 0.170359
0 0.343906 0.785922 0.082896 0.039594
0 0.668771 0.775172 0.044333 0.039125
0 0.899229 0.886039 0.201542 0.223266
0 0.449219 0.770461 0.020813 0.016266
0 0.584687 0.770594 0.029708 0.019281
2 0.109302 0.830547 0.218604 0.185719
0 0.562500 0.761719 0.137500 0.023438