0 0.337383 0.301361 0.064859 0.063069
0 0.253352 0.280161 0.056609 0.058292
0 0.466187 0.341337 0.038781 0.048020
0 0.295211 0.289171 0.043984 0.054579
0 0.188664 0.265520 0.065078 0.065495
0 0.144422 0.248354 0.085219 0.071213
0 0.213102 0.235161 0.070609 0.042500
1 0.157812 0.606980 0.315625 0.677921
1 0.252500 0.594010 0.388687 0.604505
1 0.369656 0.597970 0.361125 0.578812
1 0.472391 0.598354 0.355625 0.509183
1 0.566703 0.609938 0.358906 0.496955
1 0.640781 0.612537 0.317844 0.400817
1 0.717625 0.627611 0.316719 0.383738
1 0.717625 0.521931 0.215844 0.189455
1 0.779508 0.534406 0.269078 0.328465
1 0.899469 0.589950 0.115781 0.198812
0 0.430133 0.320421 0.036266 0.046337
0 0.085391 0.238626 0.077125 0.062896
0 0.395898 0.297525 0.055453 0.047970
0 0.024648 0.217884 0.048484 0.067599
1 0.713578 0.507215 0.271469 0.259332
0 0.045406 0.187611 0.087531 0.049134
0 0.062023 0.143515 0.038141 0.059158
0 0.138281 0.129950 0.139063 0.126238