1 0.947266 0.667552 0.104906 0.158021
0 0.495625 0.726052 0.104062 0.107771
0 0.533242 0.702771 0.061078 0.073583
0 0.324430 0.690344 0.044672 0.069937
0 0.497125 0.653927 0.023000 0.019979
0 0.176180 0.714521 0.082453 0.093167
0 0.013508 0.731917 0.026422 0.112083
0 0.092617 0.715667 0.070047 0.076333
0 0.221500 0.733583 0.111688 0.110958
0 0.720086 0.670146 0.030953 0.036583
0 0.703930 0.666594 0.020953 0.039771
0 0.622805 0.650823 0.015047 0.022854
0 0.606898 0.657646 0.027391 0.024125
2 0.426930 0.693656 0.107797 0.138563
0 0.289563 0.673604 0.038062 0.051833
0 0.591406 0.659375 0.517188 0.072917