1 0.814891 0.698875 0.082594 0.071917
0 0.767563 0.849052 0.067750 0.040021
0 0.876289 0.861052 0.055703 0.045354
0 0.891586 0.882948 0.065078 0.050813
0 0.841734 0.826448 0.075563 0.038146
0 0.631156 0.850542 0.074969 0.049375
0 0.972430 0.884167 0.041047 0.056042
0 0.792719 0.807073 0.057781 0.035813
0 0.708891 0.850927 0.058844 0.048438
0 0.974305 0.746802 0.051391 0.042646
0 0.940242 0.882906 0.066766 0.054562
0 0.837031 0.806865 0.054469 0.028729
0 0.894016 0.814177 0.065844 0.040354
0 0.820547 0.854240 0.062500 0.033979
2 0.568648 0.832354 0.080016 0.058500
0 0.709375 0.695833 0.578125 0.195833