0 0.155000 0.797469 0.105801 0.079594
0 0.232660 0.777391 0.052372 0.045219
0 0.857652 0.800492 0.101875 0.080047
0 0.818894 0.775242 0.087212 0.057391
0 0.535072 0.780508 0.079183 0.058203
1 0.927997 0.735781 0.140321 0.121313
0 0.304776 0.770664 0.106346 0.044016
0 0.183221 0.779930 0.092436 0.062484
0 0.475561 0.781227 0.099872 0.051672
0 0.193325 0.625008 0.047356 0.040609
0 0.537380 0.764750 0.100593 0.049031
0 0.323526 0.714258 0.096442 0.043891
0 0.194399 0.528203 0.046939 0.040625
0 0.193029 0.442781 0.079295 0.030281
0 0.499199 0.438281 0.998397 0.870313