0 0.550898 0.320682 0.043234 0.062931
0 0.763695 0.131767 0.032297 0.047964
1 0.460797 0.538434 0.088813 0.207383
1 0.550836 0.557349 0.085391 0.215190
1 0.618414 0.699821 0.091984 0.245996
1 0.700055 0.378322 0.080672 0.189575
1 0.503641 0.410615 0.077656 0.192729
1 0.335148 0.650257 0.073516 0.239172
1 0.625781 0.197092 0.048438 0.156600
1 0.650563 0.341007 0.089469 0.137092
1 0.559516 0.227808 0.060937 0.169351
0 0.435688 0.674888 0.054656 0.086063
1 0.371820 0.796868 0.120859 0.262908
1 0.370906 0.521443 0.107656 0.181767
1 0.728586 0.294474 0.063078 0.185235
1 0.722406 0.140917 0.046250 0.157718
0 0.765406 0.025000 0.045812 0.033445
0 0.469711 0.174016 0.026797 0.032282
1 0.646094 0.324385 0.245312 0.572707