0 0.228914 0.578031 0.014109 0.012712
0 0.166172 0.583172 0.016500 0.016061
0 0.220102 0.572583 0.014672 0.014458
0 0.332852 0.526226 0.007453 0.010991
0 0.266531 0.571050 0.014688 0.018373
0 0.044516 0.597512 0.028281 0.020118
2 0.073516 0.584328 0.044594 0.044646
0 0.252828 0.531038 0.006531 0.014057
0 0.365328 0.527040 0.008469 0.012759
0 0.364109 0.549646 0.008188 0.014717
0 0.339773 0.553019 0.012422 0.012217
0 0.664805 0.411356 0.002703 0.002854
0 0.026531 0.560271 0.018313 0.017712
0 0.234305 0.530825 0.005734 0.010472
2 0.202445 0.532547 0.029766 0.027642
0 0.506250 0.602594 0.675000 0.115566