0 0.375195 0.601600 0.113109 0.136706
2 0.772719 0.512941 0.454563 0.734494
0 0.906359 0.847976 0.182469 0.279294
0 0.410023 0.556659 0.079641 0.124141
0 0.198469 0.776847 0.390969 0.417976
0 0.535289 0.591718 0.044234 0.106400
0 0.030922 0.538341 0.061437 0.072400
0 0.516023 0.536518 0.063766 0.073176
0 0.348070 0.515000 0.027328 0.030094
0 0.236141 0.506012 0.025844 0.044729
2 0.275797 0.530071 0.076063 0.092376
0 0.201492 0.506576 0.046953 0.053294
0 0.488195 0.533871 0.016234 0.057529
2 0.031734 0.537588 0.063469 0.072353
0 0.532516 0.557953 0.049375 0.062635