0 0.518469 0.749646 0.042156 0.046833
0 0.373320 0.755854 0.044516 0.039167
0 0.584063 0.696302 0.023625 0.022562
0 0.781281 0.634229 0.009594 0.009208
0 0.787211 0.636667 0.009922 0.009833
0 0.246125 0.720490 0.032250 0.034063
0 0.633727 0.668083 0.017766 0.016417
0 0.379820 0.694646 0.027703 0.025583
0 0.554219 0.671146 0.021750 0.014875
0 0.187648 0.745104 0.034484 0.031500
2 0.519633 0.748250 0.041953 0.051083
2 0.364414 0.903260 0.105109 0.118313
0 0.101734 0.765208 0.023625 0.046750
0 0.418750 0.717708 0.818750 0.214583