0 0.299797 0.932031 0.079219 0.070438
0 0.458664 0.923917 0.067141 0.061833
0 0.407250 0.914958 0.054688 0.049500
0 0.474531 0.892802 0.032937 0.020562
0 0.518711 0.904562 0.027609 0.061167
0 0.551461 0.918729 0.054078 0.045083
0 0.579336 0.906229 0.024891 0.033208
0 0.576281 0.880396 0.022187 0.018875
0 0.617484 0.905719 0.038437 0.037729
0 0.730094 0.918896 0.053000 0.063500
0 0.674031 0.883010 0.036312 0.038437
0 0.791133 0.883083 0.025953 0.033458
0 0.356250 0.919896 0.052844 0.049375
0 0.418750 0.893750 0.834375 0.075000