0 0.960758 0.777442 0.078484 0.117442
0 0.929398 0.702954 0.039734 0.050972
0 0.135227 0.849437 0.130422 0.166292
1 0.897977 0.674373 0.021547 0.036317
0 0.823539 0.692864 0.036453 0.046957
0 0.808648 0.683581 0.022109 0.036624
0 0.870711 0.684693 0.019578 0.019616
0 0.965930 0.673056 0.031266 0.031125
0 0.056781 0.861176 0.113563 0.249412
0 0.796531 0.682673 0.009312 0.025754
1 0.540039 0.709872 0.232297 0.348133
1 0.700937 0.689642 0.110875 0.234169
0 0.391992 0.752251 0.071984 0.061586
0 0.930188 0.734744 0.028094 0.074859