0 0.714711 0.781589 0.145859 0.095374
0 0.297398 0.788236 0.066078 0.065864
0 0.672148 0.731776 0.148641 0.072710
0 0.597047 0.682465 0.072000 0.065631
0 0.583078 0.617161 0.123562 0.083481
0 0.571828 0.574673 0.104813 0.052944
0 0.292922 0.743166 0.063844 0.060210
0 0.535195 0.518657 0.098859 0.075771
0 0.483367 0.473551 0.083141 0.044206
0 0.279766 0.712944 0.058750 0.040047
0 0.273414 0.676495 0.059578 0.076542
0 0.636680 0.769708 0.033703 0.055537
0 0.619945 0.634988 0.145922 0.076893
0 0.462500 0.591121 0.471875 0.327103