0 0.976656 0.693256 0.046687 0.182030
2 0.445125 0.197664 0.096500 0.058541
0 0.733734 0.286765 0.099750 0.066681
0 0.464508 0.250391 0.057859 0.036808
0 0.515984 0.265180 0.056875 0.052431
1 0.451937 0.203340 0.072406 0.067104
2 0.120078 0.261311 0.163625 0.119281
2 0.960148 0.271290 0.079703 0.133996
2 0.503297 0.231395 0.132062 0.060719
2 0.873711 0.264313 0.133016 0.083087
2 0.246086 0.252199 0.083359 0.062410
0 0.958820 0.274609 0.080047 0.136617
0 0.876062 0.263837 0.136719 0.072368
0 0.843055 0.271956 0.013734 0.016300
2 0.759031 0.268436 0.103500 0.065032