2 0.309148 0.496965 0.116266 0.167247
2 0.142617 0.578518 0.133703 0.181224
2 0.665031 0.274341 0.052062 0.100588
0 0.644586 0.435353 0.073891 0.088541
0 0.686453 0.381706 0.050313 0.063224
0 0.807563 0.245376 0.028656 0.036118
0 0.816961 0.233153 0.026578 0.037835
0 0.871062 0.163953 0.016813 0.021082
0 0.878656 0.153518 0.015438 0.019365
0 0.944039 0.091024 0.023109 0.014565
0 0.846797 0.124000 0.017406 0.015718
0 0.984406 0.091800 0.024156 0.015459
0 0.958859 0.090882 0.022031 0.017106
0 0.936930 0.089459 0.022453 0.015200
0 0.896641 0.088176 0.022875 0.018188
0 0.912430 0.089153 0.017109 0.016941