0 0.852109 0.328917 0.048344 0.028500
0 0.834828 0.335948 0.028687 0.022146
0 0.779531 0.310719 0.039813 0.024438
0 0.811016 0.304146 0.035813 0.021625
0 0.818836 0.339604 0.026516 0.020458
0 0.892695 0.313896 0.039609 0.031875
0 0.790047 0.290948 0.014813 0.009021
0 0.755672 0.320219 0.033313 0.018812
0 0.795742 0.349583 0.028734 0.022125
0 0.925469 0.338187 0.051969 0.032833
0 0.861328 0.322604 0.043344 0.024167
2 0.944695 0.299365 0.058422 0.037563
0 0.807711 0.342208 0.021703 0.013417
0 0.829688 0.318750 0.203125 0.079167