0 0.267687 0.807576 0.023125 0.024473
0 0.280117 0.835539 0.025297 0.027237
0 0.294687 0.876241 0.025500 0.037213
0 0.322602 0.899731 0.031359 0.036183
0 0.230547 0.853770 0.027000 0.031522
0 0.243031 0.832225 0.021469 0.028665
0 0.225250 0.794485 0.020813 0.030047
0 0.372266 0.762916 0.018937 0.026393
0 0.210313 0.779953 0.016375 0.018829
0 0.230133 0.814461 0.020578 0.026300
0 0.246828 0.791745 0.018531 0.020632
0 0.201406 0.805890 0.023969 0.027564
0 0.274898 0.898244 0.028703 0.033958
0 0.366406 0.689696 0.457813 0.400468