0 0.135375 0.429875 0.104219 0.077871
0 0.238367 0.315271 0.023047 0.019436
0 0.068289 0.444207 0.136578 0.081691
0 0.047125 0.398121 0.094250 0.054823
0 0.140875 0.384395 0.098969 0.051795
0 0.214875 0.320981 0.022937 0.021420
0 0.185586 0.329102 0.039828 0.034113
0 0.304258 0.302985 0.016266 0.025553
0 0.235258 0.346534 0.042141 0.029812
0 0.990797 0.373779 0.018406 0.050230
2 0.290492 0.404791 0.153516 0.087119
2 0.954109 0.328340 0.091781 0.151002
0 0.269672 0.349509 0.042375 0.024196
2 0.910711 0.336180 0.103766 0.104050
0 0.558594 0.345511 0.785937 0.131524