1 0.871010 0.665556 0.214500 0.175676
0 0.510050 0.706577 0.113020 0.064505
0 0.635500 0.648529 0.051240 0.054955
0 0.418410 0.649535 0.040860 0.059850
0 0.686210 0.592568 0.049380 0.049459
0 0.422380 0.491291 0.015040 0.018078
0 0.745150 0.593964 0.049180 0.042282
0 0.544620 0.527703 0.023840 0.025255
0 0.426400 0.553964 0.019120 0.036517
0 0.387920 0.536006 0.019240 0.027568
0 0.405670 0.507402 0.012740 0.020090
0 0.504480 0.520631 0.019800 0.024685
0 0.592220 0.606081 0.041400 0.047958
0 0.597620 0.560075 0.033080 0.041892
0 0.375000 0.566066 0.342000 0.225225