0 0.673180 0.449438 0.224891 0.161780
0 0.966219 0.482564 0.067562 0.119368
0 0.091156 0.353513 0.086969 0.080656
0 0.168250 0.359286 0.074750 0.110515
0 0.356414 0.385222 0.071078 0.084871
0 0.329992 0.370375 0.029328 0.065902
2 0.044867 0.315667 0.065922 0.088009
2 0.127953 0.309801 0.089188 0.065035
2 0.054797 0.327951 0.054375 0.064005
2 0.375070 0.329251 0.063516 0.032131
2 0.538180 0.327799 0.064578 0.040984
0 0.375289 0.327295 0.068328 0.034824
0 0.427453 0.382061 0.114125 0.105480
0 0.052992 0.326932 0.049516 0.067681
0 0.233125 0.363548 0.016250 0.062881
0 0.479312 0.332799 0.021094 0.034965
0 0.291992 0.384660 0.019359 0.059859
1 0.045578 0.313888 0.064969 0.087400