0 0.252810 0.852993 0.077380 0.106134
0 0.563050 0.798160 0.072100 0.103680
0 0.765010 0.841840 0.163620 0.170149
0 0.844590 0.745372 0.066780 0.062937
0 0.857820 0.837955 0.122440 0.131673
0 0.479100 0.857807 0.115600 0.120149
0 0.692310 0.786320 0.060180 0.100967
2 0.379020 0.804498 0.097920 0.107881
0 0.166940 0.834275 0.128840 0.090706
0 0.411070 0.828587 0.083420 0.051301
0 0.084840 0.839368 0.105000 0.081710
2 0.688940 0.788680 0.058400 0.095651
2 0.297080 0.843346 0.042600 0.154721
2 0.847800 0.754665 0.072320 0.082862
0 0.887790 0.766190 0.073060 0.059368
2 0.765400 0.797212 0.157920 0.077472