0 0.456297 0.653760 0.071688 0.057271
0 0.502258 0.647271 0.044766 0.048583
0 0.586266 0.636854 0.025406 0.023917
0 0.707883 0.650458 0.046859 0.050625
0 0.840938 0.646281 0.104188 0.043021
0 0.785789 0.638052 0.039078 0.034396
0 0.640195 0.630375 0.014203 0.014708
0 0.669906 0.612833 0.008156 0.010000
0 0.528062 0.642500 0.034000 0.041083
0 0.656906 0.631490 0.014594 0.016854
0 0.929531 0.641698 0.040281 0.031646
0 0.692086 0.599365 0.007609 0.009104
0 0.698719 0.626948 0.033469 0.021937
0 0.864844 0.628125 0.257812 0.047917