1 0.824711 0.467412 0.151984 0.113560
0 0.622453 0.454098 0.048875 0.032927
0 0.573969 0.457096 0.071469 0.022576
0 0.482109 0.476288 0.109781 0.076136
0 0.318844 0.459169 0.044625 0.019602
0 0.333117 0.449063 0.045547 0.015550
0 0.270102 0.460094 0.053266 0.018314
0 0.229844 0.465738 0.059125 0.015597
0 0.663383 0.459496 0.049828 0.022225
0 0.342625 0.485621 0.025531 0.053208
0 0.054672 0.443583 0.044469 0.017190
0 0.283641 0.451616 0.023844 0.019813
0 0.102328 0.447564 0.049188 0.016956
0 0.119898 0.439625 0.016734 0.017330
0 0.499219 0.464871 0.998437 0.110070