2 0.640102 0.779865 0.401016 0.387021
2 0.217258 0.594281 0.417641 0.288938
2 0.603375 0.389885 0.222469 0.105604
2 0.234820 0.413906 0.284547 0.126229
2 0.908430 0.703375 0.182016 0.323583
2 0.707906 0.434573 0.272656 0.125062
0 0.484914 0.342896 0.184922 0.101958
0 0.075094 0.338625 0.146469 0.111042
0 0.263328 0.276469 0.103937 0.066771
0 0.351789 0.310021 0.144328 0.066375
0 0.103430 0.385990 0.195859 0.122896
0 0.323109 0.282062 0.126906 0.079208
2 0.329859 0.202208 0.065281 0.066208
2 0.364148 0.335240 0.141234 0.084271