0 0.879016 0.658189 0.222062 0.193719
0 0.550172 0.614037 0.124562 0.092620
0 0.219672 0.593931 0.117344 0.067013
0 0.132320 0.572042 0.048297 0.028092
2 0.454562 0.557437 0.090906 0.141272
2 0.378844 0.567582 0.070219 0.035395
0 0.156094 0.573834 0.026562 0.030250
2 0.557188 0.540636 0.074000 0.057033
0 0.120062 0.603256 0.140281 0.093256
0 0.325852 0.597360 0.116266 0.062466
0 0.356891 0.589403 0.068437 0.050366
0 0.042125 0.671435 0.058969 0.106493
0 0.053531 0.646195 0.096437 0.066956
0 0.599219 0.601137 0.055969 0.070173
0 0.100195 0.615443 0.180703 0.108459