1 0.157844 0.539100 0.125125 0.166067
1 0.398039 0.707521 0.084578 0.215544
0 0.656648 0.353996 0.060641 0.054770
2 0.653516 0.623881 0.479406 0.596841
0 0.941648 0.389215 0.116703 0.121360
0 0.882484 0.460439 0.079750 0.086109
0 0.964383 0.573169 0.071234 0.062573
0 0.029672 0.386946 0.059344 0.040879
0 0.716852 0.348734 0.060172 0.019393
0 0.834477 0.349592 0.073516 0.051778
0 0.981773 0.611046 0.036453 0.031715
0 0.753219 0.386255 0.176563 0.061004
0 0.620391 0.330554 0.103563 0.033870
0 0.853008 0.394142 0.059359 0.047280