0 0.281164 0.386651 0.022203 0.021358
0 0.304430 0.367693 0.027609 0.030187
0 0.672859 0.434122 0.033313 0.024028
0 0.707281 0.443923 0.035000 0.027096
0 0.782789 0.468525 0.025297 0.021358
0 0.616422 0.420667 0.024469 0.019696
0 0.195594 0.434625 0.025781 0.026066
0 0.504984 0.389368 0.021906 0.019157
0 0.838906 0.484297 0.031125 0.023489
0 0.172297 0.446710 0.024500 0.025035
0 0.278602 0.364567 0.017484 0.019485
0 0.054781 0.450363 0.019406 0.016323
0 0.071695 0.457295 0.022891 0.023443
0 0.342969 0.402810 0.682813 0.145199