0 0.422352 0.614854 0.140953 0.119917
0 0.166859 0.635396 0.198875 0.226958
0 0.047781 0.667031 0.094250 0.254812
0 0.603539 0.594094 0.065203 0.084354
0 0.640531 0.590875 0.054688 0.072917
2 0.489461 0.590844 0.119328 0.145521
2 0.746602 0.560094 0.139453 0.158729
0 0.566172 0.599635 0.057250 0.084687
0 0.985984 0.686354 0.028031 0.215250
0 0.916734 0.592667 0.021688 0.023583
0 0.896750 0.574115 0.011250 0.014021
0 0.823211 0.583490 0.038453 0.043687
0 0.971219 0.625542 0.045906 0.109292
2 0.168102 0.631115 0.197172 0.226813
0 0.964062 0.591667 0.040625 0.037500