1 0.213391 0.742694 0.349187 0.447176
1 0.652750 0.563694 0.266906 0.326400
1 0.633609 0.482224 0.188781 0.187600
1 0.512758 0.519624 0.315984 0.297412
1 0.866070 0.673388 0.170328 0.466588
1 0.415266 0.507553 0.194125 0.207294
1 0.241023 0.416541 0.199766 0.181788
1 0.294523 0.428306 0.169422 0.167812
1 0.339375 0.443459 0.177563 0.186918
1 0.429266 0.095600 0.022281 0.014212
1 0.428078 0.122718 0.060062 0.043318
1 0.492094 0.176576 0.046281 0.025718
1 0.562930 0.180400 0.055766 0.043059
1 0.585938 0.404706 0.765625 0.809412