0 0.623867 0.456294 0.062016 0.045549
1 0.055156 0.349907 0.045000 0.070414
0 0.636492 0.427505 0.064672 0.052857
0 0.661320 0.569493 0.097766 0.108923
0 0.819508 0.603530 0.115422 0.134099
0 0.714062 0.748447 0.114062 0.153209
0 0.910313 0.732019 0.137844 0.163913
0 0.900336 0.558168 0.090703 0.095259
0 0.631078 0.510300 0.071875 0.100932
0 0.834797 0.449648 0.058750 0.071470
0 0.746234 0.525870 0.063906 0.082795
0 0.730633 0.488830 0.062578 0.069503
0 0.709578 0.360559 0.034625 0.041159
1 0.112820 0.342495 0.076016 0.103747
0 0.713852 0.340569 0.032953 0.038033
0 0.452344 0.532091 0.895312 0.753623