2 0.705328 0.669844 0.150000 0.267729
2 0.366609 0.459333 0.126906 0.145750
0 0.344156 0.676208 0.114062 0.112208
0 0.735758 0.909583 0.146734 0.152583
0 0.350594 0.610708 0.112000 0.071417
0 0.151211 0.692771 0.114297 0.120083
0 0.212422 0.583219 0.092437 0.120313
2 0.528023 0.576229 0.147984 0.264583
0 0.528352 0.771500 0.119328 0.129000
0 0.217172 0.512135 0.092656 0.098229
0 0.283844 0.412396 0.065687 0.093667
0 0.433047 0.281021 0.057250 0.068583
0 0.673016 0.510896 0.090563 0.063083
0 0.511633 0.417312 0.064922 0.088167
0 0.610344 0.680740 0.050375 0.108521
0 0.319844 0.332677 0.055906 0.060854
0 0.439063 0.339583 0.600000 0.554167