1 0.973656 0.602913 0.052687 0.401722
1 0.910258 0.499929 0.096172 0.172028
0 0.669422 0.773019 0.145500 0.242123
0 0.666203 0.595613 0.102813 0.104151
2 0.517992 0.410943 0.036203 0.049292
0 0.870258 0.660908 0.130609 0.198561
0 0.638484 0.611804 0.091594 0.080920
0 0.199500 0.662783 0.150313 0.109528
0 0.058195 0.758915 0.089172 0.237689
0 0.433836 0.760566 0.167391 0.234858
0 0.533984 0.630896 0.147656 0.101415
0 0.493375 0.706533 0.111688 0.192689
0 0.823078 0.677618 0.102438 0.126038
0 0.424977 0.619929 0.075359 0.060991
2 0.455500 0.462300 0.046969 0.104788
2 0.543969 0.459068 0.051438 0.079175
2 0.664266 0.536875 0.087844 0.077288
2 0.297625 0.512205 0.059750 0.097429
2 0.335313 0.490094 0.053906 0.068868
0 0.488016 0.579127 0.113844 0.075283
0 0.245578 0.795566 0.279031 0.265991
0 0.560938 0.610849 0.862500 0.462264