0 0.170477 0.250529 0.037266 0.053649
0 0.531836 0.244331 0.049984 0.038691
0 0.535961 0.226616 0.028859 0.035794
0 0.266453 0.238287 0.060313 0.054847
0 0.027500 0.262758 0.053969 0.077214
0 0.193977 0.252145 0.028516 0.048412
2 0.110586 0.244694 0.089609 0.078635
2 0.027070 0.265223 0.054141 0.077187
0 0.349852 0.245557 0.026859 0.025097
0 0.084836 0.246922 0.062766 0.037911
0 0.384391 0.231685 0.016188 0.024039
0 0.468250 0.232827 0.021750 0.019861
0 0.396914 0.237326 0.011828 0.025181
0 0.215180 0.240181 0.042609 0.050390