0 0.100940 0.426108 0.050760 0.039943
0 0.175640 0.425923 0.036560 0.032415
0 0.727780 0.418125 0.060560 0.034773
0 0.595900 0.422443 0.059400 0.031307
0 0.845580 0.427486 0.066600 0.038494
0 0.308450 0.407741 0.054620 0.036562
0 0.789390 0.400440 0.031300 0.033324
0 0.986660 0.413622 0.026680 0.035369
0 0.966930 0.411676 0.033420 0.037159
0 0.918460 0.407741 0.052480 0.032813
0 0.829460 0.413835 0.047040 0.035625
0 0.201800 0.404702 0.033920 0.025256
2 0.183170 0.372770 0.075420 0.070824
0 0.815850 0.400568 0.049340 0.030511