0 0.561000 0.198958 0.027187 0.044473
0 0.592023 0.189871 0.049141 0.038571
0 0.877430 0.171335 0.024141 0.026089
0 0.523391 0.191780 0.061094 0.077143
0 0.597867 0.165995 0.028484 0.041171
2 0.300727 0.173068 0.217516 0.185386
0 0.986891 0.173138 0.026219 0.024028
0 0.971375 0.174450 0.006688 0.018829
0 0.949094 0.172447 0.024594 0.023396
2 0.545812 0.151218 0.078063 0.037190
2 0.462422 0.171815 0.118469 0.123817
2 0.697953 0.142073 0.055656 0.014918
2 0.919094 0.169098 0.036062 0.031780
0 0.896437 0.173138 0.016250 0.023185
2 0.784008 0.163782 0.051578 0.048829
0 0.919070 0.168372 0.034547 0.032623