0 0.278328 0.341722 0.038562 0.034278
0 0.729891 0.314069 0.059281 0.033194
0 0.780492 0.318278 0.079203 0.044833
0 0.830625 0.315167 0.073438 0.042722
0 0.872086 0.307583 0.049828 0.025556
0 0.933727 0.305792 0.082859 0.056806
0 0.592602 0.336153 0.072797 0.048972
0 0.702305 0.313611 0.068016 0.033944
0 0.668789 0.314458 0.074234 0.029806
0 0.082945 0.356778 0.037016 0.038722
0 0.361109 0.340694 0.028906 0.025278
0 0.978641 0.309014 0.030250 0.044194
0 0.627453 0.331986 0.063687 0.052917
2 0.932187 0.308667 0.077906 0.052833
0 0.560156 0.304167 0.735938 0.119444