2 0.440531 0.756232 0.300687 0.150446
0 0.965281 0.825563 0.069437 0.348873
0 0.840352 0.819448 0.259672 0.313592
0 0.472609 0.774002 0.144031 0.171573
0 0.657539 0.774331 0.075703 0.171150
0 0.670148 0.757582 0.117922 0.169343
0 0.190156 0.734190 0.080156 0.089742
0 0.220195 0.690364 0.077672 0.108521
0 0.443461 0.538967 0.039766 0.049343
0 0.309500 0.711408 0.075000 0.108263
0 0.334070 0.675164 0.063547 0.084695
0 0.347852 0.642782 0.048422 0.082324
0 0.529242 0.513169 0.035516 0.043146
0 0.701562 0.793721 0.126625 0.223638
0 0.443750 0.637324 0.284375 0.382629