1 0.686766 0.256927 0.207250 0.144021
0 0.415547 0.766896 0.375000 0.301792
0 0.204773 0.589885 0.358984 0.285396
0 0.152523 0.403375 0.261234 0.141583
0 0.530242 0.269813 0.117516 0.070375
0 0.806516 0.261448 0.036437 0.039562
0 0.842750 0.255802 0.044344 0.039104
0 0.972328 0.262167 0.053406 0.046708
0 0.025312 0.558854 0.050625 0.129292
0 0.034555 0.335448 0.069109 0.138021
0 0.389328 0.211719 0.027875 0.038771
0 0.235664 0.176750 0.024547 0.037458
0 0.897555 0.247458 0.054047 0.035583
0 0.489266 0.249521 0.068594 0.041708
0 0.610938 0.229167 0.775000 0.245833