0 0.593984 0.785885 0.111875 0.062062
0 0.679211 0.786510 0.094391 0.053937
0 0.123766 0.776250 0.070813 0.048875
0 0.868563 0.772979 0.036062 0.036500
0 0.907438 0.770271 0.036875 0.033917
0 0.276938 0.776542 0.070781 0.035625
2 0.193812 0.757500 0.094844 0.083458
0 0.760266 0.781948 0.076563 0.049771
0 0.822875 0.772552 0.055656 0.056146
0 0.348953 0.779823 0.029500 0.028021
0 0.061852 0.777396 0.049359 0.030958
2 0.971945 0.776240 0.054703 0.065812
2 0.067797 0.758031 0.053375 0.035604
0 0.956562 0.901104 0.086156 0.150583
0 0.024328 0.775635 0.042750 0.031146