1 0.704516 0.189883 0.275219 0.114601
0 0.108281 0.749366 0.164625 0.215352
0 0.055156 0.554014 0.110312 0.172207
0 0.261758 0.467042 0.095734 0.121362
0 0.007047 0.316467 0.014094 0.063545
0 0.218883 0.312805 0.088859 0.097629
0 0.093258 0.302688 0.106422 0.109225
0 0.580555 0.378627 0.097766 0.101620
0 0.792422 0.452547 0.135219 0.161197
0 0.667086 0.304049 0.073859 0.094812
0 0.329883 0.566444 0.103141 0.144296
0 0.334852 0.354519 0.100297 0.129648
0 0.709609 0.369261 0.103937 0.119836
0 0.047547 0.400000 0.091625 0.119484
0 0.503125 0.524648 0.990625 0.556338