0 0.216750 0.581885 0.036312 0.030437
0 0.953453 0.712333 0.092719 0.144125
0 0.677141 0.578344 0.068312 0.043396
0 0.177531 0.567552 0.023625 0.028438
0 0.858945 0.557281 0.040016 0.023438
0 0.531383 0.563802 0.042172 0.014063
0 0.626883 0.564354 0.033016 0.017625
2 0.747922 0.561896 0.096844 0.046708
2 0.391633 0.584365 0.126328 0.082312
2 0.675937 0.577781 0.070375 0.041562
0 0.164437 0.560146 0.018875 0.024958
0 0.973656 0.554438 0.018969 0.012625
0 0.302445 0.564490 0.021391 0.011146
0 0.018750 0.625135 0.028750 0.042354
0 0.134453 0.569187 0.023625 0.029750
0 0.601562 0.564583 0.793750 0.054167