2 0.318859 0.712541 0.195125 0.221054
0 0.681195 0.924485 0.089609 0.122553
0 0.718898 0.806136 0.064516 0.088993
0 0.641023 0.727131 0.052078 0.065035
0 0.422805 0.762319 0.062578 0.075316
0 0.198625 0.827939 0.106344 0.102904
0 0.516187 0.684625 0.052062 0.062412
0 0.763633 0.633372 0.029547 0.042155
0 0.811875 0.737447 0.044562 0.073302
0 0.732469 0.656077 0.028281 0.047939
0 0.687648 0.636148 0.027641 0.031358
0 0.696039 0.606803 0.021297 0.031452
0 0.158969 0.959262 0.143313 0.056792
0 0.464633 0.724754 0.049328 0.062904
0 0.403125 0.759953 0.803125 0.470726