0 0.323250 0.706172 0.078060 0.093379
0 0.406460 0.681689 0.046560 0.067248
0 0.436720 0.675095 0.027480 0.038747
0 0.462560 0.666608 0.025320 0.030654
0 0.756240 0.717861 0.080240 0.100245
0 0.388090 0.675586 0.027540 0.035259
0 0.432990 0.687098 0.013060 0.045259
0 0.378100 0.706049 0.054640 0.066921
0 0.362770 0.667793 0.034660 0.022616
2 0.463010 0.666649 0.022340 0.031117
2 0.567540 0.716417 0.127120 0.127275
2 0.972220 0.759809 0.055560 0.192425
2 0.214260 0.726499 0.123080 0.136540
2 0.944550 0.751553 0.093980 0.181798
0 0.606000 0.698910 0.280000 0.128065