0 0.172617 0.729814 0.257984 0.120420
0 0.607227 0.680291 0.047859 0.052284
0 0.577922 0.676410 0.033875 0.048858
0 0.097242 0.680455 0.056266 0.030513
2 0.423227 0.676527 0.071422 0.086340
2 0.266547 0.683065 0.068469 0.066084
2 0.485891 0.677681 0.039813 0.055221
0 0.331953 0.671434 0.038406 0.013636
0 0.376430 0.699510 0.078266 0.086014
0 0.143258 0.671352 0.025516 0.018415
0 0.665055 0.661818 0.016641 0.014079
0 0.461062 0.678415 0.011781 0.029604
2 0.576578 0.675874 0.030656 0.044149
0 0.895063 0.645117 0.019594 0.023054