0 0.273414 0.429696 0.084672 0.084842
0 0.138109 0.319051 0.093500 0.091387
0 0.363844 0.544161 0.142406 0.098832
1 0.691031 0.587470 0.379281 0.476496
1 0.078648 0.244951 0.151516 0.179781
1 0.268609 0.267664 0.179531 0.199854
2 0.422117 0.454684 0.148641 0.177543
2 0.414375 0.192518 0.065406 0.076959
0 0.260656 0.493260 0.114437 0.093479
0 0.071570 0.581290 0.141359 0.139513
0 0.419023 0.234051 0.057891 0.064063
0 0.360266 0.239927 0.014188 0.047786
0 0.382516 0.147798 0.031469 0.031168
0 0.236508 0.186594 0.046422 0.038005