0 0.603187 0.592797 0.235750 0.131000
0 0.085396 0.558859 0.170792 0.098875
0 0.702927 0.557500 0.147604 0.090688
0 0.736875 0.542750 0.115542 0.093031
0 0.239333 0.541711 0.147208 0.075859
0 0.556312 0.498281 0.101042 0.055125
0 0.631938 0.491250 0.040042 0.037906
0 0.314479 0.532336 0.106042 0.068297
0 0.022281 0.577438 0.042521 0.091906
0 0.672073 0.575078 0.163021 0.110187
0 0.757844 0.510313 0.093229 0.053844
0 0.796417 0.511289 0.079208 0.057547
0 0.826844 0.475148 0.053146 0.029516
0 0.762500 0.490625 0.470833 0.059375