0 0.683668 0.717690 0.024641 0.018020
0 0.556272 0.714600 0.033862 0.018600
0 0.683668 0.676170 0.026617 0.015940
0 0.645240 0.680630 0.023234 0.013460
0 0.744970 0.599230 0.030539 0.010340
0 0.718054 0.583780 0.026647 0.011800
1 0.753473 0.653570 0.028443 0.026660
2 0.585778 0.752440 0.057844 0.034640
2 0.756916 0.649440 0.040359 0.026960
2 0.776826 0.620980 0.023713 0.024160
2 0.767186 0.729170 0.039162 0.024500
0 0.569536 0.703890 0.032305 0.022860
0 0.745554 0.691410 0.032305 0.016220
0 0.784641 0.589480 0.022754 0.013600
0 0.660284 0.678110 0.024401 0.014380
0 0.688757 0.647990 0.021168 0.010060
0 0.712575 0.613000 0.263473 0.166000