0 0.701758 0.601482 0.040047 0.048612
0 0.758289 0.583965 0.044766 0.058753
0 0.759734 0.526706 0.029812 0.026824
0 0.754219 0.648918 0.042969 0.050918
0 0.882328 0.784118 0.082281 0.112282
2 0.670500 0.533353 0.046219 0.068682
0 0.963172 0.578882 0.073656 0.050800
0 0.807422 0.571165 0.040469 0.034753
0 0.987195 0.602329 0.025609 0.032565
0 0.820133 0.677600 0.055984 0.062776
0 0.699086 0.654718 0.062172 0.058706
0 0.639734 0.582765 0.030500 0.035459
2 0.717578 0.508988 0.049406 0.082588
2 0.958406 0.547976 0.083187 0.048235