2 0.516148 0.486522 0.121078 0.102600
0 0.102883 0.511347 0.203203 0.171920
0 0.693977 0.545480 0.214172 0.153068
0 0.453117 0.489274 0.031266 0.052412
2 0.613945 0.483770 0.097328 0.096768
0 0.798820 0.529778 0.111391 0.111733
0 0.418141 0.485222 0.048469 0.056066
0 0.354805 0.492529 0.024234 0.054754
0 0.335508 0.478255 0.031984 0.042834
0 0.975070 0.514532 0.049859 0.060726
0 0.663531 0.463443 0.028406 0.007963
0 0.317602 0.476768 0.009234 0.024075
0 0.307078 0.469836 0.017438 0.026136
0 0.583594 0.510539 0.826562 0.182670