0 0.806844 0.681218 0.079687 0.043211
0 0.158945 0.686487 0.112984 0.049655
0 0.226391 0.689030 0.084844 0.036121
0 0.432391 0.692899 0.073844 0.047091
0 0.613797 0.683793 0.030156 0.037457
2 0.642852 0.675022 0.089422 0.043060
2 0.544367 0.671175 0.112047 0.075323
0 0.696047 0.676422 0.088344 0.056810
2 0.353055 0.693136 0.117359 0.062047
0 0.870000 0.684709 0.081875 0.047047
0 0.754469 0.683869 0.066031 0.041056
0 0.966750 0.680097 0.066500 0.040496
0 0.296148 0.684149 0.074703 0.044116
0 0.109578 0.696670 0.083906 0.042608
0 0.353883 0.692425 0.114641 0.059418
0 0.486492 0.692144 0.053734 0.046099
0 0.482812 0.693966 0.093750 0.077586