0 0.202406 0.653934 0.239875 0.175269
0 0.464391 0.588267 0.080750 0.112600
0 0.526086 0.574941 0.082797 0.099766
0 0.881938 0.532471 0.048281 0.062131
0 0.354641 0.595211 0.162625 0.164895
0 0.810602 0.537096 0.020391 0.040656
0 0.822641 0.536241 0.022062 0.045504
0 0.975367 0.550773 0.049266 0.091054
0 0.758734 0.531019 0.024969 0.061288
0 0.558445 0.563255 0.024109 0.084169
0 0.793617 0.539122 0.031484 0.044660
0 0.777414 0.537155 0.019297 0.048080
0 0.951633 0.536171 0.014328 0.049204
0 0.844531 0.525761 0.029687 0.072600