0 0.889391 0.786898 0.126312 0.222037
0 0.771898 0.571019 0.053266 0.076852
0 0.924648 0.573704 0.049203 0.070463
0 0.899875 0.560347 0.028875 0.055694
2 0.747250 0.512847 0.054562 0.068102
0 0.945563 0.863333 0.108875 0.273333
0 0.783945 0.605440 0.064984 0.078380
0 0.819570 0.515995 0.032953 0.031157
0 0.757703 0.555347 0.031156 0.048843
0 0.944805 0.591204 0.031359 0.058056
2 0.973977 0.595116 0.052047 0.074028
2 0.798578 0.500718 0.033375 0.036435
0 0.725719 0.511065 0.030031 0.040370
2 0.770547 0.570046 0.053156 0.073796
2 0.880773 0.551273 0.040984 0.062454