0 0.105195 0.491157 0.210391 0.258435
0 0.386617 0.490806 0.174266 0.224463
0 0.704070 0.455806 0.139766 0.301145
0 0.880961 0.572348 0.238078 0.364042
0 0.378242 0.243621 0.071422 0.091028
0 0.282797 0.207769 0.089188 0.079042
0 0.894141 0.432243 0.211719 0.174159
0 0.180969 0.124428 0.096000 0.077033
0 0.325984 0.407664 0.076406 0.078037
0 0.462492 0.172675 0.076391 0.095210
0 0.572344 0.464194 0.061250 0.247407
2 0.835305 0.325175 0.095547 0.048341
0 0.475531 0.270689 0.060188 0.096238
0 0.371875 0.287383 0.740625 0.210280