0 0.763461 0.583914 0.063141 0.152360
0 0.803813 0.506215 0.118687 0.078972
0 0.797875 0.460537 0.051656 0.018879
0 0.162297 0.865724 0.318594 0.251682
1 0.451578 0.481752 0.575375 0.455981
0 0.916492 0.453575 0.021953 0.011121
0 0.141070 0.548949 0.054141 0.096075
0 0.063602 0.527371 0.085453 0.083248
0 0.829109 0.476589 0.054312 0.035514
0 0.129227 0.516472 0.062578 0.058084
0 0.972094 0.506215 0.043781 0.062757
0 0.984859 0.479696 0.019000 0.032617
0 0.012687 0.525818 0.025375 0.059673
0 0.874641 0.512558 0.065687 0.051752
0 0.837500 0.496495 0.215625 0.077103