0 0.076719 0.616467 0.152031 0.240962
0 0.157961 0.542594 0.085109 0.071056
0 0.350711 0.521772 0.041266 0.048897
0 0.382797 0.513369 0.022750 0.028474
0 0.292859 0.507195 0.027687 0.011056
0 0.423734 0.502735 0.016063 0.018521
0 0.237641 0.528756 0.047344 0.045493
0 0.288438 0.543498 0.070531 0.070845
0 0.645758 0.511854 0.025547 0.033897
0 0.250266 0.508732 0.026125 0.018967
0 0.304945 0.502289 0.017297 0.022183
0 0.334156 0.511561 0.013844 0.033169
0 0.874820 0.524683 0.044953 0.067535
0 0.565625 0.503521 0.406250 0.058685