0 0.911305 0.807594 0.174984 0.187521
0 0.753258 0.802396 0.164047 0.122417
0 0.519758 0.750021 0.047203 0.057167
0 0.347531 0.726688 0.045344 0.041208
0 0.408313 0.713708 0.026375 0.025917
0 0.390914 0.711042 0.019234 0.020750
0 0.563266 0.756740 0.050000 0.075146
2 0.661484 0.747938 0.156281 0.163583
0 0.476562 0.740010 0.047219 0.046896
0 0.352734 0.697917 0.015375 0.014875
0 0.318484 0.722125 0.024875 0.031000
0 0.381875 0.706240 0.022344 0.027438
0 0.340305 0.698635 0.020141 0.013437
0 0.274531 0.688625 0.019500 0.016958