0 0.676883 0.563806 0.244953 0.258056
0 0.183664 0.591007 0.196422 0.206745
0 0.139234 0.421593 0.089938 0.125293
0 0.075578 0.459415 0.101937 0.140515
0 0.562203 0.462600 0.145125 0.131148
0 0.763461 0.506639 0.103109 0.137916
0 0.893750 0.475328 0.122687 0.114309
0 0.964547 0.489508 0.070906 0.134473
0 0.029305 0.548197 0.058609 0.273864
0 0.683305 0.413513 0.091922 0.057845
2 0.137727 0.420304 0.092141 0.128478
2 0.945727 0.414157 0.108547 0.089578
0 0.771234 0.466370 0.146687 0.132365
2 0.439906 0.396815 0.100219 0.061967
2 0.853750 0.415726 0.115406 0.083677
2 0.291688 0.295035 0.096594 0.034005
0 0.558594 0.444965 0.879687 0.327869