0 0.382516 0.568885 0.073406 0.069646
0 0.139234 0.556583 0.238187 0.117083
0 0.049609 0.580948 0.099219 0.114354
0 0.485383 0.576083 0.049453 0.041500
0 0.337227 0.566729 0.038047 0.036583
0 0.481836 0.526667 0.013453 0.017292
0 0.494328 0.513521 0.010750 0.011083
0 0.423312 0.567115 0.019219 0.038437
0 0.453641 0.564917 0.029812 0.013917
0 0.497781 0.498500 0.013219 0.011375
0 0.276711 0.560875 0.085203 0.075458
2 0.048648 0.580281 0.097297 0.104729
0 0.435437 0.569187 0.017469 0.031292
0 0.314336 0.575135 0.036359 0.039146
2 0.144477 0.555990 0.233453 0.118354