0 0.435680 0.919104 0.234266 0.139333
1 0.475297 0.607167 0.242875 0.393125
1 0.739039 0.623594 0.409547 0.406729
0 0.101172 0.274073 0.024906 0.046479
1 0.152344 0.293521 0.088875 0.156083
1 0.560727 0.158958 0.169922 0.068333
1 0.327305 0.347990 0.228672 0.198729
1 0.062555 0.195063 0.071672 0.105042
2 0.048031 0.333333 0.075844 0.146083
0 0.015273 0.157250 0.028672 0.030167
2 0.702586 0.164448 0.068609 0.047813
2 0.831430 0.090708 0.075453 0.034292
0 0.078109 0.246104 0.055031 0.072125
0 0.179570 0.537042 0.109516 0.134125
1 0.208570 0.168531 0.201953 0.098146