1 0.630470 0.855045 0.237100 0.267411
1 0.756000 0.544866 0.100920 0.160804
0 0.202110 0.914107 0.116340 0.116786
0 0.098510 0.869881 0.136660 0.110119
0 0.228980 0.773869 0.107840 0.082679
0 0.163570 0.752024 0.105740 0.076964
0 0.101770 0.705119 0.101780 0.081905
0 0.457620 0.950536 0.118440 0.097083
0 0.491690 0.752485 0.091500 0.086399
0 0.474040 0.675461 0.079800 0.059375
0 0.459010 0.609658 0.076380 0.066935
0 0.108110 0.634152 0.100780 0.072708
0 0.036040 0.826250 0.072080 0.093631
0 0.367750 0.877381 0.117340 0.107143
0 0.354410 0.781935 0.103820 0.087619
0 0.648000 0.659226 0.160000 0.092262