0 0.781961 0.407127 0.044797 0.048582
0 0.804602 0.389780 0.037516 0.043814
0 0.818789 0.777298 0.114203 0.170587
0 0.362516 0.966675 0.157906 0.066650
0 0.854703 0.379572 0.038094 0.050244
0 0.681242 0.946186 0.173891 0.105281
0 0.726187 0.914743 0.127125 0.158533
0 0.481617 0.903484 0.162391 0.192689
0 0.685992 0.882298 0.105859 0.029829
1 0.394836 0.467726 0.105422 0.157751
1 0.102109 0.762359 0.204219 0.475281
1 0.476898 0.429792 0.116297 0.185208
1 0.480016 0.746614 0.309469 0.475232
1 0.611797 0.665966 0.188531 0.416039
1 0.759250 0.631748 0.177031 0.360367
1 0.840180 0.582286 0.115297 0.296210
1 0.889070 0.506088 0.098047 0.255697
1 0.700227 0.430110 0.096266 0.078264
1 0.701219 0.362127 0.055531 0.059560
1 0.839953 0.317176 0.079375 0.112494
1 0.549906 0.411112 0.074156 0.175330
1 0.910188 0.431760 0.092750 0.136577