0 0.840164 0.434823 0.291578 0.119104
0 0.054062 0.384854 0.106937 0.106708
0 0.204227 0.371219 0.073391 0.032813
0 0.248000 0.363771 0.047813 0.027250
0 0.114258 0.370302 0.035828 0.027187
0 0.541156 0.352865 0.066062 0.027021
0 0.416906 0.358427 0.018969 0.016854
0 0.884781 0.366927 0.071000 0.024729
0 0.945313 0.365885 0.052500 0.027312
0 0.970336 0.364344 0.034547 0.024854
0 0.313484 0.365990 0.031656 0.031813
0 0.163258 0.366073 0.032797 0.031396
2 0.051320 0.383729 0.102641 0.098875
0 0.278844 0.360354 0.023062 0.012792