0 0.611420 0.468062 0.091050 0.019156
0 0.944714 0.483180 0.027947 0.015328
0 0.251193 0.458664 0.062721 0.021359
0 0.204690 0.454852 0.050239 0.022172
0 0.619308 0.474797 0.049881 0.023156
0 0.902840 0.481109 0.033699 0.016875
0 0.805609 0.478625 0.037566 0.020500
0 0.316146 0.462828 0.056110 0.019312
0 0.573115 0.469000 0.034869 0.013000
0 0.490907 0.468672 0.057661 0.019375
0 0.528819 0.467266 0.037876 0.014438
0 0.036169 0.449969 0.069905 0.024125
0 0.144511 0.453578 0.071981 0.022500
0 0.529833 0.464062 0.935561 0.056250