2 0.338320 0.289555 0.231359 0.293911
0 0.764641 0.426276 0.251875 0.305621
0 0.155172 0.392705 0.262375 0.262927
0 0.643664 0.358642 0.066109 0.076206
0 0.569953 0.380059 0.110500 0.176417
0 0.664258 0.312646 0.051547 0.051663
0 0.919648 0.386674 0.110016 0.159766
0 0.500000 0.387822 1.000000 0.175644
0 0.709070 0.295351 0.058391 0.053372
0 0.959133 0.316393 0.062766 0.054848
0 0.967961 0.299204 0.062734 0.041171
0 0.824891 0.310761 0.030281 0.038993
0 0.699203 0.317822 0.072406 0.051991
1 0.525977 0.253396 0.152016 0.101920
0 0.818852 0.282623 0.037328 0.041171