0 0.320086 0.415125 0.087078 0.048167
0 0.167328 0.417781 0.101875 0.046687
0 0.908938 0.441896 0.080531 0.089292
0 0.742875 0.415333 0.040344 0.051833
0 0.591789 0.412625 0.015641 0.015750
0 0.864305 0.439365 0.054672 0.065854
0 0.831156 0.423385 0.068937 0.071229
2 0.462883 0.408760 0.064547 0.042396
0 0.549320 0.414302 0.015078 0.020438
0 0.388508 0.415344 0.035672 0.019521
0 0.559359 0.409167 0.019094 0.023917
2 0.321953 0.415844 0.086063 0.054229
2 0.965313 0.428594 0.069375 0.138354
2 0.656398 0.404198 0.026422 0.034438
2 0.522797 0.410490 0.040406 0.035646
0 0.767469 0.425000 0.019750 0.040417
2 0.791148 0.421448 0.041672 0.061396
0 0.656250 0.411458 0.315625 0.081250