0 0.161937 0.532206 0.283687 0.245196
0 0.493523 0.480907 0.159016 0.157304
0 0.530844 0.391471 0.117094 0.100490
2 0.833320 0.304828 0.168672 0.242157
2 0.561508 0.228762 0.074047 0.077279
2 0.487281 0.050294 0.193938 0.057647
0 0.660852 0.368223 0.085016 0.098554
0 0.596430 0.343407 0.059859 0.062598
0 0.064352 0.302721 0.083234 0.042304
0 0.462898 0.258382 0.030672 0.028529
2 0.771453 0.405233 0.118906 0.150564
2 0.158305 0.533762 0.282391 0.243848
2 0.416164 0.311434 0.120766 0.081593
2 0.532203 0.388762 0.124625 0.112377
2 0.923102 0.237365 0.050234 0.094828
2 0.462641 0.232782 0.103813 0.084681
2 0.358422 0.247598 0.129188 0.111127
0 0.063844 0.338162 0.077031 0.072157
0 0.698359 0.319853 0.058719 0.061667
0 0.771937 0.407475 0.114906 0.149608