1 0.442352 0.597917 0.225609 0.143500
0 0.172445 0.639969 0.085047 0.080104
0 0.051930 0.652156 0.097266 0.095729
0 0.763586 0.595052 0.042984 0.023312
0 0.583461 0.631687 0.083641 0.060667
0 0.670250 0.609552 0.038094 0.041729
0 0.685492 0.602802 0.034266 0.035021
0 0.833039 0.616292 0.057297 0.024708
0 0.816000 0.746458 0.217719 0.254583
0 0.722664 0.585823 0.021328 0.011187
0 0.743781 0.581198 0.011938 0.009813
0 0.691617 0.588333 0.031328 0.018375
0 0.814648 0.592510 0.026109 0.017604
2 0.630219 0.610938 0.064625 0.062917