0 0.498422 0.954617 0.101504 0.060016
0 0.655710 0.959133 0.117945 0.062578
0 0.315953 0.933266 0.083941 0.051875
0 0.286684 0.875258 0.059470 0.039172
0 0.882267 0.963188 0.107076 0.068281
0 0.662765 0.881055 0.055784 0.029797
0 0.632447 0.869656 0.043962 0.025781
0 0.579608 0.858875 0.047182 0.023406
0 0.761472 0.928781 0.083369 0.048656
0 0.538528 0.867156 0.047267 0.030375
0 0.944301 0.966586 0.059703 0.066828
0 0.356377 0.943984 0.086144 0.048469
0 0.106674 0.931656 0.115847 0.022094
0 0.498941 0.918750 0.997881 0.159375