0 0.559078 0.086688 0.034969 0.032583
0 0.220852 0.075875 0.031859 0.032292
0 0.320477 0.076198 0.036172 0.038146
0 0.361242 0.079094 0.017547 0.032896
0 0.060641 0.069896 0.043594 0.032458
0 0.128820 0.070042 0.030016 0.043417
0 0.604891 0.086229 0.032219 0.033917
0 0.012422 0.067812 0.024844 0.036542
0 0.348312 0.072323 0.026594 0.029062
0 0.522336 0.039729 0.032172 0.029333
0 0.546047 0.030812 0.022187 0.024750
0 0.567539 0.034771 0.028422 0.031583
0 0.555312 0.072917 0.072313 0.040458
0 0.619531 0.055208 0.639062 0.102083