0 0.298609 0.840490 0.200062 0.112396
0 0.090070 0.869969 0.180141 0.117646
0 0.177312 0.662677 0.163062 0.094688
0 0.197281 0.581854 0.107844 0.085792
0 0.371359 0.517521 0.141813 0.090708
0 0.511203 0.465010 0.127375 0.087896
0 0.769914 0.358031 0.112984 0.073979
0 0.343375 0.620104 0.159406 0.090542
0 0.773383 0.295271 0.041016 0.066625
0 0.640625 0.402281 0.106844 0.068562
0 0.727492 0.208146 0.042703 0.067833
0 0.398367 0.426990 0.105703 0.066812
2 0.615719 0.249958 0.123750 0.063458
2 0.895250 0.628458 0.109906 0.169167
2 0.506094 0.216781 0.094375 0.054479
2 0.528883 0.196250 0.091672 0.047417
2 0.484758 0.274813 0.089828 0.071375
0 0.476297 0.442865 0.091563 0.080521
2 0.728484 0.208104 0.042812 0.064167
0 0.546094 0.367708 0.885938 0.722917