0 0.465898 0.181120 0.037734 0.030778
0 0.725750 0.152358 0.032063 0.036604
0 0.863031 0.142748 0.039531 0.042052
0 0.772531 0.149729 0.041656 0.035920
0 0.708664 0.152040 0.014734 0.028703
0 0.284586 0.200566 0.032328 0.021132
0 0.548961 0.170837 0.043422 0.021627
0 0.592984 0.163844 0.015469 0.014906
0 0.685820 0.157335 0.034203 0.027783
0 0.647977 0.160059 0.038734 0.028467
0 0.519328 0.181946 0.028063 0.027288
0 0.397078 0.187594 0.030531 0.021981
0 0.358789 0.194033 0.017797 0.017123
0 0.345313 0.194575 0.078125 0.035377