0 0.351688 0.475397 0.031719 0.011916
0 0.557578 0.473925 0.013156 0.013037
0 0.509828 0.473224 0.027906 0.014206
0 0.753016 0.474217 0.049594 0.046238
0 0.647711 0.472453 0.027922 0.025607
0 0.611344 0.469451 0.051844 0.034556
0 0.395125 0.475537 0.015656 0.009907
0 0.781156 0.472313 0.013000 0.017290
0 0.790406 0.472500 0.013594 0.016355
0 0.805063 0.473692 0.011938 0.017150
0 0.830094 0.473189 0.016750 0.022220
2 0.070320 0.461250 0.138359 0.100631
2 0.697141 0.468808 0.040719 0.033271
0 0.857031 0.475467 0.026562 0.016355