1 0.881937 0.508988 0.229813 0.168518
0 0.844562 0.597918 0.058188 0.060541
0 0.697891 0.609529 0.151688 0.075906
0 0.603078 0.596059 0.096156 0.068071
2 0.905430 0.592247 0.128953 0.080165
0 0.458797 0.601894 0.085469 0.071553
0 0.386281 0.600929 0.085250 0.076353
0 0.988617 0.600000 0.022766 0.039529
0 0.316336 0.605259 0.106734 0.082376
0 0.532062 0.599765 0.089312 0.074165
0 0.651258 0.581141 0.059453 0.031271
0 0.702891 0.568553 0.054813 0.020965
2 0.787000 0.597518 0.095594 0.076824
0 0.742969 0.572941 0.035937 0.040000