0 0.312641 0.913479 0.055625 0.042708
0 0.744125 0.915208 0.256719 0.031333
0 0.583992 0.915104 0.328578 0.041458
0 0.529117 0.914406 0.029609 0.029021
0 0.591961 0.914156 0.047141 0.039229
0 0.789937 0.907219 0.028625 0.030771
0 0.279914 0.908604 0.024953 0.025792
0 0.356258 0.912802 0.054828 0.042729
0 0.393672 0.914104 0.046469 0.036125
0 0.805828 0.906667 0.053938 0.043750
0 0.242891 0.911635 0.037937 0.029813
0 0.476578 0.913198 0.035750 0.033771
0 0.421422 0.910531 0.026469 0.027271
0 0.895313 0.908333 0.065625 0.037500