0 0.157766 0.770531 0.198500 0.128229
0 0.914687 0.695073 0.152812 0.044729
0 0.144680 0.728844 0.165672 0.112229
0 0.857070 0.739552 0.150641 0.104188
0 0.462961 0.705438 0.057391 0.042500
0 0.554312 0.690844 0.031563 0.038979
0 0.421430 0.729698 0.101984 0.083146
0 0.798617 0.687177 0.015516 0.029479
2 0.323031 0.732802 0.164062 0.132604
0 0.571562 0.686760 0.036094 0.045062
0 0.035906 0.754771 0.071813 0.089167
0 0.765180 0.685667 0.032422 0.031208
0 0.721234 0.686625 0.022875 0.020667
0 0.547656 0.690625 0.664062 0.077083