2 0.088844 0.622101 0.019125 0.039768
0 0.300625 0.719948 0.019000 0.028608
0 0.305813 0.690889 0.017719 0.027655
0 0.312547 0.617487 0.016188 0.025129
0 0.494188 0.627655 0.015719 0.019021
0 0.267070 0.657874 0.015484 0.022861
0 0.436125 0.618441 0.017188 0.021778
0 0.455242 0.622732 0.018766 0.030361
0 0.659383 0.915735 0.021797 0.024716
0 0.583156 0.681907 0.015344 0.023557
2 0.272305 0.619845 0.022047 0.033041
2 0.300437 0.720928 0.018344 0.032835
2 0.160187 0.920490 0.024281 0.062887
2 0.060828 0.725399 0.019156 0.030799
2 0.506266 0.837229 0.019500 0.034201
0 0.518758 0.649923 0.015953 0.039227
0 0.339414 0.785425 0.022203 0.028015
0 0.620031 0.787977 0.013938 0.012655
0 0.540047 0.649485 0.018406 0.021546
0 0.475000 0.664948 0.909375 0.443299