0 0.257734 0.826499 0.174563 0.186253
0 0.429500 0.773384 0.117469 0.134122
0 0.693789 0.885878 0.405266 0.228244
0 0.853430 0.796979 0.166047 0.168150
0 0.930312 0.782026 0.085469 0.116838
0 0.941531 0.758852 0.098437 0.110913
0 0.319719 0.747178 0.037312 0.051452
0 0.551609 0.759426 0.055375 0.064473
2 0.068742 0.721920 0.059047 0.107588
0 0.095672 0.763162 0.063094 0.070211
0 0.175469 0.757799 0.055969 0.072927
0 0.173320 0.927541 0.346641 0.143138
2 0.690391 0.755000 0.206281 0.140351
0 0.595539 0.741417 0.044203 0.047283