0 0.478195 0.524479 0.025172 0.029542
0 0.502109 0.750031 0.033000 0.048979
0 0.510172 0.511469 0.021750 0.032854
0 0.561484 0.579646 0.023344 0.029167
0 0.561031 0.565021 0.021281 0.019833
0 0.564320 0.545094 0.021234 0.024521
0 0.510242 0.491010 0.019078 0.015938
0 0.556047 0.630542 0.023438 0.036583
1 0.463086 0.642552 0.047422 0.081229
1 0.519836 0.601344 0.037266 0.076812
1 0.481742 0.585240 0.041203 0.068979
1 0.561469 0.381490 0.020938 0.032563
0 0.557672 0.606354 0.019688 0.013333
0 0.564328 0.515115 0.018531 0.027813
0 0.513078 0.479073 0.014844 0.020438
0 0.543523 0.419677 0.014297 0.015562
2 0.536344 0.447187 0.020813 0.035500
2 0.563016 0.431052 0.025875 0.049396
0 0.497664 0.443167 0.014328 0.016042
0 0.532813 0.468750 0.275000 0.370833