0 0.978227 0.724231 0.033453 0.022890
0 0.901016 0.725988 0.037844 0.017089
0 0.913078 0.726611 0.030750 0.017838
0 0.959930 0.724854 0.032359 0.019647
0 0.811586 0.716549 0.023641 0.016881
0 0.785273 0.716445 0.026672 0.016923
0 0.762805 0.716788 0.019609 0.011372
0 0.714836 0.713462 0.030109 0.012578
0 0.942195 0.715717 0.017922 0.014054
0 0.842312 0.718628 0.057906 0.028940
0 0.735898 0.714044 0.019141 0.014075
0 0.988312 0.726403 0.023375 0.020915
0 0.667687 0.713576 0.012750 0.012017
0 0.514062 0.714137 0.893750 0.047817