0 0.140937 0.635560 0.067125 0.067109
0 0.880398 0.660625 0.239203 0.295729
0 0.452563 0.625182 0.045781 0.067448
0 0.543094 0.633411 0.060156 0.105417
0 0.500094 0.631914 0.050469 0.088047
0 0.425891 0.618581 0.019781 0.050495
0 0.398039 0.628021 0.023234 0.025990
0 0.321828 0.620716 0.023625 0.033568
0 0.357500 0.622917 0.016438 0.028958
0 0.666422 0.649674 0.080906 0.116849
0 0.187516 0.622982 0.043281 0.061745
0 0.656867 0.605208 0.046547 0.049479
0 0.239219 0.624688 0.045188 0.059740
0 0.309375 0.618490 0.212500 0.054688