2 0.081961 0.686427 0.050953 0.027729
2 0.476609 0.667323 0.051375 0.032813
0 0.230219 0.685135 0.044875 0.026396
2 0.919461 0.664427 0.038078 0.031062
2 0.315484 0.683708 0.050562 0.026375
2 0.842828 0.665812 0.036406 0.035708
2 0.551039 0.675542 0.022516 0.014750
2 0.192906 0.683906 0.038062 0.028396
2 0.012570 0.685823 0.025141 0.018646
2 0.942945 0.649875 0.024047 0.019667
2 0.969641 0.649719 0.025781 0.022479
0 0.892328 0.663219 0.023438 0.024396
0 0.877664 0.652500 0.018016 0.015458
0 0.739445 0.665198 0.031391 0.024396
2 0.395875 0.675375 0.063594 0.029292