0 0.320008 0.761708 0.144703 0.095417
0 0.423398 0.779417 0.069203 0.064625
0 0.528031 0.780281 0.067687 0.067271
0 0.741750 0.773219 0.094063 0.068271
0 0.930875 0.777208 0.105906 0.052708
0 0.120000 0.762240 0.125219 0.067896
0 0.474031 0.768073 0.022437 0.036062
0 0.862938 0.760750 0.132125 0.084000
0 0.531367 0.742823 0.068234 0.021104
0 0.239516 0.760031 0.098031 0.093687
0 0.430977 0.748312 0.068672 0.040250
0 0.035719 0.746792 0.064469 0.027208
2 0.235555 0.758708 0.094203 0.093792
0 0.329500 0.770625 0.003687 0.020167
0 0.671875 0.765625 0.056250 0.089583