2 0.662367 0.751354 0.075672 0.102208
0 0.499719 0.768979 0.096062 0.110125
0 0.374820 0.774948 0.101859 0.098771
0 0.709477 0.768385 0.113203 0.096729
0 0.285320 0.764937 0.075984 0.091000
0 0.226539 0.786760 0.115766 0.099521
0 0.614172 0.758979 0.034156 0.064917
0 0.604211 0.751021 0.037766 0.056625
0 0.413703 0.761417 0.085906 0.096417
0 0.570227 0.744375 0.022484 0.028833
0 0.797906 0.753563 0.090719 0.102708
0 0.451242 0.745000 0.030516 0.062833
2 0.526656 0.748458 0.080531 0.108833
2 0.290148 0.764854 0.084453 0.092833
0 0.453125 0.751042 0.278125 0.093750