0 0.349477 0.444953 0.056234 0.025550
0 0.417516 0.449133 0.063219 0.031569
0 0.499164 0.454707 0.061828 0.031756
0 0.567883 0.460468 0.045578 0.022436
0 0.638445 0.463232 0.045672 0.031522
0 0.865781 0.478173 0.041438 0.025667
0 0.932383 0.481183 0.043359 0.027892
0 0.980680 0.488525 0.038641 0.021593
0 0.372750 0.444496 0.040156 0.027681
0 0.797797 0.472190 0.062750 0.030656
0 0.120203 0.426429 0.037531 0.021803
0 0.214594 0.434251 0.022156 0.030515
0 0.252000 0.440703 0.022594 0.023091
0 0.938281 0.481265 0.010937 0.025761