0 0.386910 0.597478 0.062900 0.076617
0 0.621280 0.563620 0.061960 0.083145
0 0.605400 0.541795 0.047720 0.071721
0 0.618910 0.505786 0.053380 0.033650
0 0.668360 0.443591 0.049960 0.065045
0 0.436380 0.474748 0.045160 0.052878
0 0.595460 0.462033 0.049640 0.068101
2 0.717410 0.615593 0.101740 0.175104
2 0.508580 0.486217 0.079520 0.134392
2 0.584520 0.295564 0.044360 0.067745
2 0.422280 0.488249 0.053640 0.065935
0 0.486690 0.303012 0.051100 0.030712
0 0.507870 0.549688 0.053740 0.066202
1 0.718310 0.616751 0.096540 0.175163
2 0.432270 0.438961 0.041700 0.044985
2 0.398350 0.546632 0.071700 0.086439
2 0.409470 0.491988 0.049340 0.016795
0 0.681660 0.502255 0.056840 0.059585