2 0.618672 0.231677 0.170187 0.149146
2 0.845758 0.378604 0.195547 0.209083
2 0.421906 0.132948 0.064125 0.080521
2 0.346414 0.092188 0.077484 0.083167
0 0.953227 0.651781 0.093547 0.099771
0 0.715938 0.529615 0.102219 0.082687
0 0.693453 0.437823 0.084719 0.074188
0 0.465594 0.306563 0.064406 0.051167
0 0.468898 0.272490 0.049234 0.040313
0 0.375992 0.182052 0.043953 0.042979
0 0.341211 0.151906 0.044859 0.038396
2 0.583828 0.325844 0.105594 0.120937
2 0.783031 0.434365 0.103469 0.070896
2 0.295844 0.767490 0.108688 0.153021
2 0.179805 0.476260 0.107297 0.180938
2 0.063109 0.512219 0.104906 0.165313
2 0.118289 0.203271 0.057453 0.078375
2 0.013195 0.162729 0.025422 0.097917
0 0.080922 0.259969 0.040781 0.043687
0 0.149555 0.271708 0.047641 0.064208
0 0.169289 0.418427 0.060828 0.065396
0 0.162258 0.366219 0.051922 0.065354
1 0.134352 0.784156 0.211109 0.431688
2 0.046414 0.412125 0.085391 0.128708
0 0.571438 0.985323 0.102688 0.029354
2 0.423438 0.500000 0.843750 0.995833
0 0.267188 0.116667 0.081250 0.075000