0 0.845234 0.550917 0.162437 0.111917
2 0.684359 0.511281 0.146000 0.114729
2 0.605055 0.485115 0.154422 0.090229
2 0.500734 0.440365 0.125375 0.082146
0 0.605680 0.485094 0.160672 0.092521
2 0.829672 0.460562 0.098687 0.068917
2 0.845484 0.551865 0.163594 0.106646
0 0.708297 0.404083 0.066187 0.039042
0 0.726492 0.432562 0.086453 0.042667
0 0.723367 0.393385 0.093078 0.025854
0 0.612461 0.353521 0.021297 0.022208
0 0.029883 0.357458 0.059766 0.050167
0 0.090570 0.347948 0.048422 0.036646
0 0.561516 0.396042 0.032313 0.020625
0 0.699383 0.509823 0.180703 0.113229
2 0.292445 0.611865 0.584891 0.481729
2 0.570555 0.460635 0.152203 0.082812
0 0.723437 0.417708 0.550000 0.177083