0 0.406055 0.281447 0.101766 0.077906
0 0.329406 0.274141 0.096594 0.070729
0 0.927703 0.231588 0.053062 0.040353
0 0.877414 0.263271 0.136453 0.093271
0 0.720148 0.237176 0.095859 0.038682
2 0.555875 0.529224 0.741656 0.564047
0 0.974391 0.271412 0.051219 0.126306
0 0.939414 0.255094 0.022391 0.010706
0 0.072961 0.307412 0.106578 0.101224
0 0.960031 0.214753 0.053531 0.033318
2 0.201594 0.382812 0.389250 0.324165
2 0.659516 0.230682 0.036031 0.041176
0 0.369109 0.283659 0.098062 0.079082
0 0.498438 0.264706 0.993750 0.143529