0 0.581672 0.623741 0.279969 0.172145
0 0.487547 0.554883 0.098125 0.119184
0 0.729297 0.551469 0.057281 0.069883
0 0.690000 0.538834 0.018063 0.052681
0 0.091992 0.539277 0.134266 0.098741
0 0.399656 0.520862 0.041094 0.034499
0 0.354148 0.519091 0.051484 0.039254
0 0.443563 0.516166 0.024500 0.027716
2 0.230297 0.495944 0.104969 0.119674
0 0.604836 0.528357 0.064078 0.037413
0 0.561445 0.520688 0.043484 0.037133
0 0.695008 0.523974 0.025578 0.053403
1 0.636297 0.497308 0.097688 0.134009
2 0.635414 0.493240 0.102953 0.127646
0 0.166836 0.532179 0.051172 0.061981