1 0.342688 0.165156 0.134344 0.151938
1 0.596633 0.234271 0.384266 0.278667
2 0.063891 0.084687 0.043156 0.045750
0 0.533422 0.458427 0.278094 0.242688
0 0.138984 0.189583 0.058750 0.052792
0 0.194953 0.167125 0.049875 0.053958
0 0.163711 0.155448 0.045453 0.051188
2 0.245469 0.189177 0.084219 0.069687
2 0.919055 0.234844 0.102703 0.079229
0 0.279555 0.270646 0.123359 0.108542
0 0.106078 0.136135 0.057219 0.030771
0 0.111805 0.110167 0.033297 0.029500
0 0.063664 0.114083 0.035453 0.027750
0 0.071313 0.151573 0.055219 0.050479
0 0.244312 0.131906 0.055094 0.031813
2 0.872398 0.187458 0.067703 0.053750
2 0.945945 0.434833 0.102641 0.131958
0 0.967969 0.172917 0.060937 0.079167