0 0.963219 0.471281 0.027156 0.030975
0 0.484523 0.440279 0.016047 0.021950
0 0.676719 0.457284 0.040250 0.023593
0 0.412633 0.439471 0.034016 0.023231
0 0.335828 0.431504 0.017063 0.019554
2 0.572727 0.446922 0.032484 0.030223
0 0.936664 0.467256 0.034734 0.032507
0 0.498984 0.443942 0.034687 0.020529
0 0.229852 0.424067 0.025391 0.019610
0 0.135797 0.420919 0.016406 0.030474
0 0.199859 0.420822 0.023469 0.022368
0 0.359992 0.432256 0.009516 0.017827
2 0.940008 0.467618 0.039922 0.035571
0 0.120891 0.416323 0.025156 0.021504