1 0.673880 0.410280 0.060880 0.135452
1 0.926430 0.773427 0.143020 0.351900
1 0.947330 0.513100 0.104580 0.193801
2 0.346110 0.586184 0.141660 0.255296
2 0.139770 0.686231 0.145700 0.180000
2 0.326050 0.771916 0.164460 0.222461
2 0.272610 0.397492 0.074540 0.111620
0 0.882570 0.905140 0.150820 0.163302
0 0.821620 0.953925 0.189000 0.069657
0 0.631480 0.918162 0.150600 0.163676
2 0.743100 0.429330 0.106880 0.150374
0 0.564200 0.884704 0.140480 0.188224
0 0.529070 0.771667 0.133060 0.238474
0 0.137510 0.789361 0.128380 0.167134
0 0.135940 0.944190 0.180040 0.111558
0 0.750310 0.822648 0.143900 0.157632
0 0.346660 0.916838 0.167680 0.166324
0 0.807280 0.764860 0.105480 0.130841
0 0.702970 0.660919 0.090780 0.126573
0 0.626260 0.418972 0.038800 0.055950
0 0.500000 0.528037 0.996000 0.887850