0 0.426240 0.874592 0.834000 0.186501
0 0.308000 0.730831 0.191880 0.098105
0 0.535800 0.709927 0.106800 0.094257
0 0.646460 0.696997 0.084840 0.094461
0 0.671290 0.677289 0.093340 0.099300
0 0.805290 0.631880 0.069020 0.045743
0 0.897560 0.660583 0.066560 0.090554
0 0.887420 0.601633 0.053200 0.031137
0 0.785660 0.766895 0.190040 0.211691
0 0.469680 0.707099 0.088840 0.110408
0 0.555510 0.704913 0.101620 0.112566
0 0.386220 0.708790 0.184520 0.168134
0 0.728600 0.619286 0.037880 0.027493
0 0.802000 0.704082 0.304000 0.253644