0 0.072180 0.838115 0.144203 0.181313
0 0.128055 0.738625 0.093984 0.139542
0 0.612641 0.764479 0.089312 0.128083
0 0.704797 0.726115 0.132312 0.154896
0 0.603563 0.672312 0.108187 0.089500
0 0.880039 0.670417 0.136828 0.063083
0 0.500180 0.781573 0.205891 0.221062
0 0.171195 0.698187 0.105797 0.115000
0 0.023805 0.627698 0.047609 0.053479
0 0.370016 0.691375 0.084500 0.100542
0 0.401336 0.622729 0.073203 0.063417
0 0.613062 0.911708 0.381719 0.171167
0 0.305703 0.767042 0.175000 0.217875
0 0.499219 0.780208 0.998437 0.435417