0 0.104650 0.170105 0.076460 0.032500
0 0.522580 0.176596 0.048120 0.040482
0 0.143770 0.145015 0.024180 0.019910
0 0.228770 0.163464 0.043540 0.032229
0 0.286410 0.175422 0.037060 0.044096
0 0.052980 0.163509 0.038840 0.037199
2 0.180030 0.137349 0.033380 0.035361
0 0.391770 0.155467 0.023820 0.018825
0 0.675830 0.176476 0.059660 0.034458
0 0.602570 0.172922 0.032580 0.031205
0 0.197570 0.164413 0.040860 0.040331
0 0.017260 0.164503 0.034520 0.036958
0 0.248510 0.170949 0.030740 0.038584
0 0.337060 0.152259 0.037080 0.025120
0 0.424000 0.167169 0.824000 0.075301