0 0.706805 0.756917 0.066328 0.062000
0 0.479078 0.765656 0.093156 0.059396
0 0.582977 0.757031 0.045984 0.043854
0 0.541750 0.756594 0.058375 0.053312
0 0.639695 0.749031 0.031453 0.034479
0 0.619047 0.752917 0.032281 0.037583
0 0.239773 0.724365 0.066641 0.033771
0 0.670445 0.748177 0.031734 0.034479
0 0.345477 0.725333 0.065734 0.034833
0 0.746016 0.740354 0.020469 0.010917
2 0.798734 0.767260 0.081125 0.097229
2 0.192516 0.712271 0.047500 0.034875
2 0.463000 0.732375 0.115187 0.057708
0 0.523578 0.729490 0.020688 0.012687