2 0.488578 0.310146 0.178031 0.115958
0 0.399484 0.501031 0.171563 0.145437
2 0.571266 0.156542 0.042094 0.058208
2 0.224859 0.610458 0.273938 0.271667
0 0.111117 0.249635 0.110516 0.093271
0 0.070375 0.509312 0.140750 0.211333
0 0.896984 0.705542 0.187781 0.316917
0 0.062102 0.272135 0.124203 0.094563
0 0.243594 0.225781 0.070719 0.060604
0 0.987031 0.323458 0.022219 0.079000
0 0.586539 0.304969 0.109453 0.089938
0 0.326219 0.205927 0.092125 0.046312
0 0.358227 0.197094 0.083516 0.044437
0 0.501867 0.237729 0.087297 0.055250
0 0.563281 0.201042 0.870313 0.235417