0 0.955320 0.623292 0.053016 0.027667
0 0.977859 0.630990 0.044281 0.024354
0 0.916563 0.619771 0.044250 0.019542
0 0.472625 0.555396 0.021406 0.020583
0 0.450102 0.553031 0.015766 0.018646
0 0.424070 0.550854 0.022984 0.020375
0 0.401195 0.548188 0.021266 0.021125
0 0.377898 0.541177 0.017172 0.025271
0 0.327797 0.536094 0.020375 0.021354
0 0.349445 0.538073 0.018297 0.020438
0 0.064055 0.490802 0.024422 0.028313
0 0.093086 0.497333 0.018328 0.025667
0 0.166172 0.511396 0.016969 0.019833
2 0.064516 0.490896 0.022719 0.029292
2 0.242008 0.521135 0.019359 0.027312
0 0.484375 0.557292 0.912500 0.160417