0 0.280700 0.896486 0.039320 0.034955
0 0.295950 0.952508 0.048580 0.057447
0 0.590420 0.921922 0.036520 0.043243
0 0.553820 0.774760 0.017680 0.024715
0 0.535980 0.955105 0.042040 0.064505
0 0.330300 0.913183 0.039960 0.038078
0 0.343330 0.834039 0.033740 0.029099
0 0.380290 0.796817 0.021580 0.024324
0 0.405570 0.896051 0.028500 0.050420
0 0.534710 0.906967 0.034020 0.031892
1 0.669070 0.886201 0.058260 0.094985
0 0.602650 0.765075 0.017100 0.022583
0 0.224860 0.962838 0.048120 0.052462
0 0.594210 0.958453 0.039780 0.057147
0 0.522000 0.779279 0.364000 0.435435