0 0.510369 0.734370 0.289262 0.058020
0 0.934530 0.762870 0.130940 0.086420
0 0.774480 0.653390 0.102919 0.035580
0 0.749883 0.640320 0.092114 0.051440
0 0.735822 0.608650 0.088356 0.036940
0 0.775537 0.688410 0.115906 0.060620
0 0.517466 0.669340 0.103054 0.066360
0 0.192030 0.739290 0.158423 0.082740
0 0.894413 0.745920 0.169564 0.084680
0 0.016342 0.776280 0.032685 0.090920
0 0.111174 0.755810 0.181275 0.078180
0 0.332601 0.713490 0.089698 0.052060
0 0.421795 0.601230 0.083456 0.040700
0 0.437919 0.646000 0.399329 0.252000