2 0.702977 0.844565 0.169047 0.222353
2 0.895141 0.707212 0.180969 0.204965
0 0.581445 0.668965 0.127109 0.146306
0 0.737469 0.582588 0.122687 0.133553
0 0.442461 0.859553 0.159672 0.191012
0 0.165219 0.698694 0.132250 0.199976
0 0.622328 0.439176 0.074406 0.107482
0 0.944016 0.449165 0.087344 0.145671
0 0.914633 0.427376 0.076453 0.117624
0 0.481070 0.504459 0.050047 0.112400
0 0.331625 0.549376 0.077312 0.126235
2 0.977195 0.162565 0.045422 0.116800
0 0.161438 0.474612 0.090719 0.130400
0 0.327859 0.231506 0.046531 0.067576
2 0.968625 0.469259 0.062750 0.160306
2 0.189555 0.048388 0.025016 0.050894
2 0.412484 0.206200 0.057906 0.067788
2 0.957617 0.298294 0.084766 0.110329
0 0.540625 0.267059 0.915625 0.534118