0 0.276992 0.873094 0.015484 0.022471
0 0.962328 0.741424 0.015000 0.025671
0 0.265844 0.939612 0.024188 0.023788
0 0.348719 0.787271 0.016125 0.022729
2 0.153891 0.876224 0.034125 0.058471
0 0.122594 0.962353 0.021000 0.022353
0 0.157250 0.933953 0.019750 0.025600
0 0.212547 0.886906 0.012812 0.021624
0 0.197828 0.869247 0.015656 0.022353
0 0.310688 0.877788 0.013312 0.023200
0 0.490477 0.476671 0.007359 0.014471
0 0.087594 0.458800 0.011562 0.014259
0 0.349578 0.836129 0.017688 0.030094
1 0.669656 0.491847 0.036594 0.024306
2 0.523484 0.468882 0.017344 0.032071
0 0.459805 0.434224 0.008859 0.010424
1 0.718031 0.930600 0.020969 0.046706
2 0.155422 0.935353 0.018844 0.024824
0 0.310156 0.348235 0.620313 0.258824