0 0.268234 0.498687 0.033875 0.035125
0 0.296859 0.488656 0.026125 0.029187
0 0.285172 0.493063 0.021750 0.028083
0 0.020523 0.505740 0.040609 0.031229
0 0.499453 0.479740 0.022156 0.023854
0 0.310000 0.468750 0.015281 0.017667
0 0.228414 0.475219 0.026547 0.023521
0 0.158156 0.483625 0.013187 0.016542
0 0.246125 0.474635 0.014938 0.023687
0 0.265023 0.475323 0.019984 0.018562
0 0.470367 0.470615 0.019984 0.017521
0 0.196008 0.477219 0.024516 0.031688
0 0.277969 0.471687 0.014125 0.013625
0 0.250781 0.466667 0.232813 0.037500