0 0.034242 0.296402 0.031109 0.018084
0 0.160094 0.299965 0.032688 0.017967
0 0.307063 0.312220 0.035437 0.020561
0 0.389180 0.318318 0.036516 0.018972
0 0.362961 0.322909 0.027859 0.020818
0 0.420039 0.321227 0.027516 0.018248
0 0.506219 0.329416 0.034437 0.015467
0 0.073414 0.289252 0.032203 0.016776
0 0.124383 0.299241 0.024422 0.012079
0 0.262828 0.309276 0.019531 0.015514
0 0.235937 0.306051 0.033063 0.033692
0 0.468734 0.324498 0.039594 0.019883
0 0.198469 0.304299 0.022937 0.022710
0 0.303125 0.324766 0.503125 0.070093