0 0.069360 0.273530 0.088480 0.047500
0 0.763780 0.270770 0.201520 0.066700
0 0.279660 0.264310 0.140640 0.072140
0 0.829600 0.227860 0.040440 0.020240
0 0.486620 0.266410 0.165840 0.067100
0 0.578950 0.269720 0.175660 0.066200
0 0.937430 0.279690 0.124500 0.058100
0 0.016310 0.246960 0.032620 0.094400
0 0.669450 0.270440 0.107020 0.056640
0 0.564890 0.231150 0.045500 0.014900
0 0.767060 0.224060 0.073880 0.027360
0 0.851120 0.211190 0.044640 0.019340
2 0.734870 0.198390 0.051060 0.020740
2 0.154830 0.265720 0.158020 0.065960
2 0.316050 0.250620 0.202460 0.101240