1 0.121781 0.705250 0.183469 0.124542
0 0.530469 0.654729 0.070000 0.065708
0 0.911859 0.712635 0.050250 0.066604
0 0.361484 0.628750 0.071563 0.059042
0 0.824242 0.703396 0.060672 0.066083
0 0.716750 0.674438 0.076844 0.088167
0 0.634445 0.675656 0.079047 0.062687
0 0.144555 0.592969 0.078266 0.067729
0 0.288000 0.618292 0.079094 0.056292
0 0.409820 0.600875 0.063672 0.057625
1 0.246672 0.214792 0.072375 0.025625
0 0.091812 0.540281 0.065750 0.030646
0 0.273531 0.571771 0.074625 0.058792
2 0.199781 0.604302 0.089875 0.066229
2 0.758242 0.541823 0.047672 0.055563
2 0.313844 0.439177 0.050406 0.030854
2 0.834578 0.491698 0.037594 0.044979
2 0.451953 0.642854 0.085719 0.075333
0 0.509375 0.445833 0.881250 0.466667