0 0.412234 0.868571 0.093375 0.102295
0 0.524320 0.872740 0.079547 0.070117
0 0.326570 0.880246 0.080672 0.078337
0 0.234328 0.826967 0.044344 0.038056
0 0.545031 0.827822 0.055969 0.027073
2 0.347211 0.759297 0.042109 0.032974
0 0.626648 0.850304 0.083359 0.068618
0 0.035719 0.874333 0.071438 0.077845
0 0.704250 0.904941 0.146625 0.101218
0 0.188859 0.812916 0.031438 0.008735
0 0.129836 0.836909 0.060547 0.027166
0 0.087617 0.815937 0.036453 0.007705
0 0.128289 0.823876 0.065891 0.021007
0 0.778219 0.820258 0.043812 0.043934
0 0.442969 0.859485 0.626563 0.107728