1 0.268867 0.758430 0.132578 0.167578
0 0.550922 0.851078 0.075031 0.088688
0 0.276883 0.881961 0.104172 0.104172
0 0.691078 0.826961 0.090969 0.093359
0 0.558750 0.795352 0.076313 0.070234
0 0.464906 0.742711 0.065500 0.061641
0 0.384602 0.711094 0.060734 0.053062
0 0.646609 0.697695 0.057500 0.045859
0 0.724766 0.695125 0.059875 0.062687
0 0.404031 0.803773 0.077469 0.063891
0 0.476906 0.693687 0.059031 0.060719
0 0.497180 0.641094 0.034453 0.024156
0 0.561391 0.698906 0.053125 0.051438
0 0.697711 0.888875 0.089078 0.094000
0 0.498437 0.747656 0.981250 0.464062