0 0.717898 0.411844 0.157859 0.142438
0 0.573195 0.359552 0.025359 0.054229
0 0.101039 0.541188 0.202078 0.403500
0 0.243484 0.411781 0.180875 0.147229
0 0.324000 0.376812 0.083156 0.107333
0 0.450031 0.354906 0.051062 0.054188
0 0.488773 0.341562 0.024016 0.028250
0 0.863172 0.493938 0.247844 0.301083
0 0.639469 0.385240 0.082594 0.097229
0 0.614320 0.360615 0.083484 0.085812
0 0.564992 0.351219 0.034953 0.051229
0 0.546469 0.347573 0.027937 0.041021
0 0.426961 0.330240 0.027141 0.018646
0 0.517969 0.334375 0.076563 0.047917