0 0.627453 0.759177 0.164344 0.192604
0 0.312281 0.722427 0.054562 0.052229
0 0.384352 0.686063 0.017234 0.026042
0 0.402719 0.677635 0.022531 0.021896
0 0.317281 0.702990 0.047969 0.049729
0 0.542727 0.750583 0.050391 0.106917
0 0.186156 0.722302 0.061156 0.070187
0 0.377945 0.693240 0.013891 0.027146
0 0.267062 0.699344 0.021031 0.059813
0 0.425031 0.678865 0.024656 0.029854
2 0.525727 0.683833 0.039797 0.040500
2 0.718805 0.738760 0.064828 0.099271
2 0.187352 0.724563 0.066172 0.071833
0 0.446664 0.674563 0.016203 0.018000
2 0.219242 0.714135 0.042641 0.065396
2 0.536422 0.650885 0.035875 0.017146
2 0.339234 0.690948 0.045719 0.063854
2 0.423687 0.671802 0.021250 0.030354
2 0.921945 0.651802 0.014984 0.014771