0 0.384016 0.233710 0.318719 0.355081
0 0.170672 0.062581 0.123656 0.125161
0 0.965195 0.077198 0.069609 0.057298
0 0.641977 0.290282 0.091641 0.254839
0 0.838484 0.053690 0.112031 0.106008
0 0.233672 0.244597 0.088906 0.352097
0 0.454375 0.089698 0.103219 0.074153
0 0.072711 0.082681 0.145422 0.121492
0 0.648937 0.100887 0.090625 0.104758
0 0.893234 0.050464 0.033813 0.100927
0 0.806141 0.289718 0.074219 0.142500
0 0.732797 0.310645 0.117031 0.111371
0 0.809055 0.226431 0.241172 0.331815
0 0.391406 0.187500 0.739062 0.375000