0 0.111695 0.563677 0.220391 0.408993
0 0.280258 0.532260 0.150422 0.231077
0 0.929547 0.541007 0.140906 0.204496
0 0.703164 0.370785 0.032984 0.067424
0 0.956562 0.432974 0.044375 0.073630
0 0.783523 0.349895 0.030109 0.049813
0 0.960000 0.734520 0.080000 0.188337
1 0.943047 0.373747 0.087063 0.099906
1 0.854875 0.375714 0.076594 0.129696
2 0.642039 0.372155 0.090953 0.182529
2 0.523906 0.360445 0.159500 0.134426
0 0.738398 0.310972 0.021891 0.023443
0 0.690320 0.312166 0.011297 0.033185
2 0.379727 0.418513 0.136734 0.219742
0 0.831609 0.316616 0.057406 0.068829
0 0.628125 0.610070 0.728125 0.644028