0 0.904734 0.361589 0.089625 0.097719
0 0.487094 0.260750 0.102844 0.059630
0 0.447937 0.770517 0.193719 0.185283
0 0.501648 0.640078 0.203547 0.143821
0 0.862547 0.285127 0.100875 0.038713
0 0.961492 0.298177 0.077016 0.035692
2 0.858125 0.552534 0.186250 0.200897
0 0.857742 0.543665 0.200547 0.200585
0 0.709570 0.367076 0.101984 0.108382
0 0.794570 0.277164 0.063297 0.034327
0 0.709742 0.280010 0.097266 0.054211
2 0.759602 0.423957 0.114578 0.168733
0 0.271578 0.221423 0.077938 0.027135
0 0.982148 0.328587 0.035703 0.028285