0 0.976570 0.468333 0.016203 0.014542
0 0.958375 0.423979 0.012125 0.013417
0 0.924719 0.393750 0.010625 0.009250
0 0.880172 0.360542 0.010844 0.010375
2 0.937789 0.422969 0.021109 0.029354
0 0.893742 0.369385 0.009172 0.009271
0 0.871477 0.354469 0.009484 0.010396
0 0.992289 0.447479 0.015422 0.016833
0 0.891078 0.383344 0.013187 0.013437
0 0.915242 0.386604 0.008859 0.010292
2 0.924273 0.391698 0.011953 0.013521
2 0.854586 0.351333 0.017547 0.026333
2 0.819523 0.325531 0.020828 0.019062
0 0.866594 0.350490 0.006563 0.010104
0 0.937867 0.405073 0.011047 0.013146
0 0.845445 0.342000 0.007109 0.009458