0 0.718442 0.829375 0.058483 0.070650
0 0.396167 0.779550 0.026900 0.033700
0 0.547908 0.783937 0.028283 0.036875
0 0.128783 0.840000 0.143800 0.063350
0 0.481792 0.790987 0.043883 0.072875
0 0.423733 0.778262 0.028800 0.032425
0 0.568617 0.805700 0.041167 0.030250
2 0.943342 0.845375 0.113317 0.147250
2 0.416092 0.796050 0.095483 0.070200
2 0.440042 0.772525 0.024017 0.040700
2 0.368917 0.845712 0.189167 0.111775
2 0.506925 0.804675 0.087850 0.058550
2 0.323025 0.774225 0.077483 0.034000
2 0.347808 0.771463 0.048350 0.042575