0 0.412078 0.707865 0.820781 0.404479
0 0.757102 0.536365 0.224828 0.209396
1 0.173859 0.429458 0.054594 0.080458
1 0.333789 0.431542 0.100578 0.122417
0 0.044914 0.465729 0.042859 0.043583
0 0.222258 0.452375 0.065828 0.054792
0 0.243078 0.459323 0.041844 0.052854
0 0.138422 0.459271 0.047500 0.040458
0 0.280250 0.432312 0.014656 0.007083
0 0.103820 0.459906 0.033797 0.036729
0 0.422922 0.476458 0.041594 0.057042
0 0.066148 0.464542 0.014891 0.040417
2 0.326734 0.433167 0.092812 0.126250
2 0.480719 0.470042 0.122844 0.080125