1 0.607469 0.247770 0.100469 0.231737
1 0.469906 0.117594 0.036656 0.075376
1 0.350805 0.247746 0.101953 0.182441
2 0.328555 0.647477 0.147984 0.311526
0 0.525734 0.614131 0.101844 0.188122
0 0.389156 0.448204 0.085469 0.107723
0 0.417789 0.382453 0.064109 0.098333
0 0.432008 0.328087 0.055672 0.074718
0 0.533383 0.476444 0.083328 0.127770
0 0.421219 0.169847 0.023719 0.035047
0 0.148078 0.615364 0.155562 0.206737
1 0.570047 0.173944 0.067062 0.186667
1 0.607938 0.118028 0.052187 0.068873
2 0.462367 0.151631 0.027859 0.037535
0 0.518188 0.369448 0.057094 0.083873
0 0.441102 0.273204 0.046828 0.067535
0 0.526539 0.248521 0.041391 0.065962
0 0.626984 0.461209 0.069437 0.121244
0 0.243711 0.479812 0.104078 0.130423
1 0.508180 0.165129 0.048516 0.093638
2 0.281750 0.360798 0.099406 0.150282
2 0.448492 0.210106 0.040672 0.081479
2 0.734781 0.436362 0.124469 0.213005
0 0.473438 0.359155 0.937500 0.525822