2 0.602531 0.243448 0.443250 0.222479
0 0.842133 0.725844 0.315734 0.386521
0 0.181297 0.309625 0.124188 0.074875
2 0.224234 0.239052 0.154062 0.126188
2 0.031930 0.255312 0.063547 0.064292
2 0.080414 0.238156 0.070078 0.050813
0 0.938383 0.506083 0.123234 0.096250
0 0.889750 0.427292 0.220500 0.141167
0 0.462758 0.326677 0.162766 0.091063
0 0.251180 0.412729 0.212266 0.143875
0 0.293531 0.334594 0.149531 0.097438
0 0.339203 0.297417 0.081750 0.065958
0 0.068523 0.308635 0.125922 0.108646
0 0.659969 0.450490 0.284031 0.210396
0 0.453484 0.498958 0.295687 0.259958
0 0.600313 0.349542 0.175187 0.054167
0 0.084594 0.241240 0.061281 0.054688