0 0.107260 0.371109 0.191688 0.079250
0 0.384667 0.334383 0.098292 0.053734
0 0.176854 0.319734 0.056792 0.025656
0 0.133000 0.319062 0.047750 0.027031
0 0.422542 0.305383 0.043458 0.024641
0 0.285875 0.306375 0.051958 0.025062
0 0.863771 0.274852 0.039625 0.023453
0 0.031406 0.327070 0.059604 0.028984
0 0.749521 0.286578 0.046583 0.026687
0 0.848771 0.283148 0.046875 0.025891
0 0.973323 0.275352 0.034271 0.026234
0 0.542531 0.333766 0.097146 0.041938
0 0.204958 0.313281 0.076583 0.030594
0 0.677083 0.282031 0.641667 0.051562