0 0.075570 0.557049 0.081516 0.064871
0 0.148969 0.547646 0.084812 0.060023
0 0.380352 0.534871 0.094891 0.089321
0 0.468531 0.541101 0.084969 0.062155
0 0.542172 0.541815 0.077531 0.073700
0 0.953148 0.522412 0.082953 0.072974
0 0.697922 0.514520 0.050625 0.032834
0 0.774664 0.517482 0.050578 0.066862
0 0.866633 0.524707 0.094609 0.067775
0 0.217359 0.550562 0.069875 0.063747
0 0.507586 0.513091 0.052609 0.035176
0 0.617297 0.525995 0.076469 0.077986
0 0.177117 0.519742 0.057766 0.029930
0 0.353906 0.522248 0.648438 0.046838