0 0.858430 0.981944 0.075578 0.036112
0 0.858539 0.972681 0.076984 0.054637
0 0.224898 0.587705 0.028328 0.033489
0 0.182328 0.535304 0.019906 0.019649
0 0.202844 0.562986 0.016188 0.028548
0 0.806766 0.940141 0.059656 0.045293
2 0.072898 0.916721 0.101641 0.071382
2 0.274836 0.629005 0.034266 0.042084
2 0.787172 0.855843 0.079312 0.120492
2 0.223508 0.589590 0.027641 0.033653
2 0.859906 0.857564 0.077438 0.122529
0 0.246820 0.564087 0.018859 0.022506
0 0.251594 0.591230 0.024250 0.028735
0 0.274852 0.627951 0.030078 0.041803
0 0.307234 0.631581 0.027250 0.031499
2 0.701930 0.838700 0.088516 0.135199
0 0.282109 0.563232 0.020625 0.017752