0 0.567908 0.322525 0.019935 0.010343
0 0.547508 0.337614 0.027729 0.012876
0 0.604641 0.348194 0.032908 0.016454
0 0.602949 0.330016 0.026258 0.014020
0 0.510139 0.329869 0.026356 0.014869
0 0.676242 0.339771 0.035131 0.019281
0 0.657328 0.338529 0.025539 0.013856
0 0.275792 0.306830 0.020474 0.013105
0 0.464134 0.318954 0.032810 0.020229
0 0.635866 0.333194 0.022582 0.013415
0 0.533211 0.331904 0.041552 0.019134
0 0.310980 0.274534 0.031176 0.008448
0 0.367288 0.271748 0.033203 0.012418
1 0.099493 0.265997 0.064935 0.034150