0 0.290580 0.871082 0.020560 0.021271
0 0.386210 0.909966 0.026460 0.025567
0 0.428510 0.913007 0.025540 0.024570
0 0.443130 0.928351 0.024540 0.025292
0 0.468210 0.926770 0.028260 0.028110
0 0.505040 0.947698 0.030240 0.023849
0 0.553320 0.940344 0.022120 0.025911
0 0.690610 0.985481 0.039300 0.029038
0 0.518130 0.938230 0.021940 0.021821
0 0.398680 0.905344 0.016320 0.022577
0 0.224440 0.848814 0.016480 0.017973
0 0.197310 0.843196 0.019620 0.019450
0 0.331390 0.886014 0.024980 0.018763
0 0.538000 0.915808 0.592000 0.161512