2 0.787883 0.556932 0.220391 0.197752
2 0.715711 0.787014 0.161234 0.278712
2 0.425914 0.211827 0.048953 0.067494
0 0.515594 0.518888 0.227469 0.120398
0 0.155750 0.452775 0.196156 0.097728
0 0.248477 0.422272 0.113953 0.106370
0 0.235633 0.273724 0.054891 0.069227
0 0.209906 0.896253 0.197906 0.188759
0 0.659828 0.241370 0.048094 0.058384
0 0.731195 0.341546 0.086078 0.077892
0 0.943039 0.817974 0.113922 0.143817
0 0.864812 0.915785 0.267469 0.168431
0 0.450891 0.890597 0.152344 0.217260
1 0.231445 0.071511 0.034609 0.060211
0 0.385461 0.362342 0.078297 0.083232
0 0.496859 0.969415 0.146000 0.037658
0 0.048609 0.424742 0.094281 0.057447
1 0.339313 0.043595 0.023375 0.039555
2 0.431313 0.269157 0.059719 0.075316
0 0.499219 0.357143 0.995313 0.578454