0 0.209383 0.737391 0.116016 0.136125
0 0.079680 0.554852 0.157609 0.794734
0 0.964320 0.773734 0.071359 0.054469
0 0.526180 0.765758 0.030047 0.020016
0 0.480555 0.754188 0.046328 0.037406
0 0.430516 0.756250 0.019375 0.019375
0 0.382125 0.749359 0.061500 0.044875
0 0.324141 0.753828 0.039688 0.023969
0 0.254055 0.732039 0.042984 0.106953
0 0.884359 0.757758 0.054094 0.057016
2 0.840141 0.761844 0.110406 0.082187
2 0.754914 0.756328 0.122672 0.076344
2 0.568094 0.759289 0.026469 0.033266
2 0.334500 0.748555 0.024375 0.033328
0 0.601727 0.758625 0.069328 0.050125
0 0.428125 0.751563 0.309375 0.053125