0 0.325852 0.917702 0.132391 0.164595
1 0.218648 0.752311 0.232609 0.168068
1 0.062039 0.702559 0.096797 0.108460
1 0.379906 0.724151 0.211125 0.116867
1 0.413516 0.706305 0.263687 0.119243
1 0.634867 0.673094 0.200453 0.094752
1 0.442547 0.687037 0.298156 0.132298
2 0.639469 0.881867 0.149063 0.164569
0 0.971992 0.675574 0.056016 0.051149
2 0.834320 0.630392 0.080266 0.064752
0 0.910586 0.605104 0.027484 0.024308
0 0.879422 0.609373 0.029812 0.026475
0 0.275898 0.605196 0.013984 0.031175
0 0.989914 0.616945 0.019984 0.023290
1 0.446641 0.631906 0.108406 0.026266