0 0.613773 0.679122 0.095797 0.074075
0 0.757312 0.631265 0.022531 0.083279
0 0.824672 0.575129 0.032531 0.040234
0 0.517563 0.675199 0.063500 0.045059
0 0.031070 0.723536 0.061328 0.066230
0 0.206609 0.702810 0.060656 0.057611
0 0.852703 0.636628 0.046875 0.063513
0 0.737938 0.564754 0.036000 0.045246
0 0.688195 0.677506 0.034859 0.051124
0 0.554883 0.678841 0.049047 0.055995
0 0.075516 0.726932 0.024344 0.041639
0 0.509039 0.695176 0.075422 0.055878
2 0.738273 0.564251 0.031016 0.059133
2 0.757469 0.629251 0.021781 0.078407