0 0.812055 0.557425 0.250484 0.362069
0 0.581898 0.380713 0.193016 0.217425
0 0.205367 0.371678 0.097922 0.210759
0 0.759695 0.478920 0.211828 0.358759
0 0.733289 0.427747 0.204266 0.343586
0 0.237922 0.288966 0.115750 0.172414
0 0.257406 0.186747 0.063187 0.088207
0 0.297625 0.165862 0.076875 0.084092
0 0.640555 0.235425 0.139266 0.066115
1 0.080547 0.382057 0.161094 0.760713
2 0.455922 0.276563 0.163437 0.337080
2 0.406930 0.173494 0.117016 0.195632
0 0.217836 0.174506 0.073234 0.080322
2 0.598805 0.209621 0.100203 0.100759