0 0.541789 0.760760 0.063109 0.049104
0 0.507453 0.564750 0.027469 0.040875
0 0.416383 0.651062 0.050828 0.030167
0 0.409602 0.939990 0.466578 0.120021
0 0.370695 0.848917 0.166859 0.058875
0 0.401945 0.834323 0.105609 0.078938
0 0.353656 0.801292 0.074719 0.040417
0 0.387039 0.772594 0.078078 0.047188
0 0.373539 0.755000 0.073328 0.047875
0 0.400930 0.723219 0.067078 0.076896
0 0.403117 0.684021 0.061391 0.040917
0 0.604867 0.899646 0.143828 0.172667
2 0.145477 0.627656 0.063797 0.059479
2 0.278008 0.606948 0.055297 0.071229
0 0.577031 0.836135 0.155062 0.101396
0 0.500000 0.768750 0.996875 0.458333