1 0.610336 0.640562 0.170609 0.152000
0 0.443234 0.695479 0.071719 0.094542
2 0.884000 0.785031 0.230125 0.300438
0 0.703016 0.855635 0.499469 0.228188
0 0.228063 0.720271 0.106563 0.060958
0 0.531742 0.817083 0.154766 0.121375
0 0.185641 0.847771 0.371281 0.200500
0 0.347695 0.687833 0.103891 0.125083
0 0.041609 0.725313 0.083219 0.118458
0 0.182953 0.684896 0.079750 0.075875
0 0.149508 0.668406 0.082109 0.078188
0 0.221570 0.630146 0.066359 0.079208
0 0.481164 0.717479 0.109547 0.089333
1 0.476086 0.611583 0.143328 0.131042
0 0.312063 0.593406 0.046437 0.048479
0 0.445312 0.673958 0.603125 0.185417