1 0.681734 0.513509 0.613375 0.858102
0 0.118906 0.748313 0.214500 0.274157
0 0.094648 0.351220 0.041078 0.071114
0 0.080609 0.316401 0.035781 0.059187
0 0.231703 0.594443 0.075844 0.106054
0 0.174758 0.283434 0.039828 0.052831
0 0.275359 0.317244 0.039594 0.058946
0 0.220430 0.271250 0.034016 0.048343
0 0.101016 0.270196 0.034594 0.050030
0 0.016539 0.249413 0.027484 0.043283
0 0.340906 0.295813 0.026812 0.059759
0 0.301039 0.278133 0.030453 0.062590
0 0.140367 0.278178 0.017922 0.051777
0 0.276031 0.266657 0.019938 0.038434