0 0.949391 0.700211 0.098829 0.192172
0 0.809028 0.500500 0.173138 0.098844
0 0.045164 0.576414 0.083349 0.140359
0 0.065152 0.514727 0.125995 0.061391
0 0.064040 0.474695 0.099696 0.024453
0 0.919567 0.670531 0.113138 0.166125
1 0.427763 0.476844 0.579321 0.671906
0 0.771956 0.401727 0.139227 0.046047
0 0.118337 0.435711 0.025902 0.026203
0 0.971979 0.739750 0.051171 0.152125
0 0.771721 0.423742 0.129344 0.042828
0 0.797260 0.447891 0.123841 0.043344
0 0.031230 0.600258 0.062459 0.177078
0 0.937447 0.622547 0.125105 0.082250
0 0.098361 0.527344 0.065574 0.185938