0 0.188852 0.267053 0.022422 0.016566
0 0.195336 0.307088 0.045047 0.027633
0 0.179695 0.319246 0.033109 0.010464
0 0.065578 0.294617 0.015531 0.031647
0 0.294437 0.301845 0.027500 0.026613
2 0.339344 0.654536 0.595250 0.391624
2 0.031258 0.276392 0.039234 0.079745
0 0.178359 0.310963 0.069781 0.023921
0 0.378961 0.313376 0.031078 0.024153
0 0.147266 0.302726 0.021750 0.029211
2 0.228352 0.279211 0.038266 0.074478
2 0.092594 0.234478 0.024313 0.044455
2 0.333305 0.287610 0.021234 0.027842
2 0.027109 0.224304 0.026438 0.024896
0 0.132219 0.295325 0.019094 0.029397
2 0.055750 0.236369 0.024906 0.042575
2 0.122711 0.235951 0.026891 0.037796
2 0.441492 0.317761 0.054891 0.014455