0 0.530008 0.730796 0.103547 0.185536
0 0.139180 0.724308 0.078109 0.181349
0 0.409586 0.625554 0.044234 0.072215
0 0.075500 0.734446 0.149375 0.220796
0 0.657797 0.628875 0.043562 0.073114
0 0.906797 0.700502 0.099000 0.135813
0 0.938133 0.713478 0.074078 0.146055
0 0.711297 0.644066 0.109312 0.070761
0 0.460156 0.681799 0.065375 0.115363
0 0.635766 0.627388 0.063219 0.073737
0 0.385227 0.616263 0.017922 0.052526
0 0.563539 0.669204 0.058172 0.114879
0 0.710164 0.611401 0.051172 0.039550
0 0.500000 0.693772 0.996875 0.384083