0 0.124789 0.524667 0.158297 0.080667
0 0.870422 0.514958 0.050250 0.046417
0 0.904781 0.478385 0.019187 0.025896
0 0.856734 0.471208 0.013406 0.015333
0 0.814742 0.473958 0.014672 0.015583
0 0.840312 0.447094 0.011344 0.012979
0 0.241906 0.583865 0.032094 0.077146
0 0.013156 0.550760 0.023438 0.064896
1 0.522977 0.485417 0.541484 0.428250
0 0.793438 0.480604 0.011031 0.020500
0 0.825555 0.466708 0.013453 0.017250
0 0.853000 0.450740 0.010781 0.012021
0 0.895992 0.438500 0.008828 0.010000
0 0.848117 0.464052 0.015016 0.015312
0 0.860938 0.440625 0.137500 0.085417