1 0.475164 0.622459 0.118984 0.311522
0 0.355266 0.547646 0.063656 0.108923
0 0.888367 0.880023 0.180297 0.192365
0 0.314102 0.457307 0.055484 0.078642
0 0.664820 0.505867 0.064141 0.074590
0 0.712914 0.574157 0.088453 0.105597
0 0.558242 0.367728 0.071297 0.041311
0 0.372437 0.351721 0.025219 0.032670
0 0.379141 0.339824 0.023031 0.034169
0 0.618883 0.441218 0.040234 0.043560
0 0.632984 0.467658 0.051844 0.060141
0 0.553453 0.336347 0.025062 0.021265
2 0.174625 0.709871 0.144969 0.249391
2 0.793031 0.683302 0.135500 0.174239
2 0.694805 0.368794 0.038484 0.066487
0 0.541305 0.330574 0.018516 0.024333
0 0.619531 0.496487 0.501563 0.590164