0 0.480336 0.666729 0.940453 0.521333
0 0.256180 0.328531 0.508984 0.182021
0 0.631727 0.316958 0.094078 0.109500
0 0.937781 0.314271 0.124438 0.090458
0 0.575859 0.315865 0.125188 0.093271
0 0.493773 0.294187 0.105359 0.088417
0 0.191711 0.501052 0.383422 0.355604
0 0.290234 0.273781 0.037687 0.021688
0 0.407023 0.308667 0.022016 0.059625
0 0.894203 0.281042 0.041188 0.028042
0 0.896742 0.256177 0.062141 0.014146
2 0.261109 0.329625 0.522219 0.200000
0 0.318305 0.279896 0.046266 0.028583
0 0.510461 0.320979 0.042391 0.065583
0 0.611719 0.307292 0.770312 0.139583