0 0.415422 0.915271 0.017875 0.014458
0 0.483469 0.904604 0.018500 0.024667
0 0.573937 0.770698 0.015094 0.017896
0 0.548922 0.846125 0.014875 0.015708
0 0.575375 0.846469 0.021813 0.017896
1 0.415648 0.890115 0.036859 0.041021
1 0.678492 0.692417 0.021766 0.027583
2 0.386555 0.925469 0.033109 0.026104
2 0.412484 0.892167 0.033469 0.039667
2 0.520797 0.828552 0.014344 0.016313
0 0.498695 0.847542 0.014891 0.012500
0 0.520352 0.828344 0.013859 0.014229
0 0.455102 0.915563 0.020859 0.021500
0 0.620094 0.819865 0.014000 0.010729
0 0.487320 0.869990 0.017734 0.014229
0 0.508500 0.818479 0.012188 0.013042
2 0.640500 0.743042 0.018531 0.026542
2 0.580258 0.784417 0.014891 0.014167
0 0.561039 0.822979 0.015109 0.013958
1 0.706102 0.690292 0.020297 0.021167
2 0.540914 0.811615 0.014734 0.019563
2 0.705773 0.691302 0.018859 0.024021
0 0.637500 0.779167 0.565625 0.437500