1 0.771586 0.722195 0.182078 0.141244
1 0.851586 0.584589 0.050609 0.061150
0 0.375453 0.927723 0.165375 0.120423
0 0.282109 0.867758 0.173531 0.080775
0 0.108203 0.946185 0.213406 0.107629
0 0.572320 0.899085 0.191141 0.110094
0 0.191930 0.923310 0.109766 0.099343
0 0.929695 0.629308 0.037703 0.056080
0 0.886664 0.714507 0.049922 0.060141
0 0.960438 0.693427 0.054844 0.058122
0 0.886672 0.789038 0.089312 0.094225
0 0.763562 0.819765 0.138094 0.115728
0 0.933250 0.734495 0.074844 0.078709
0 0.964758 0.658545 0.046422 0.050798
1 0.570297 0.692594 0.121625 0.125939
1 0.352141 0.672289 0.166656 0.128146
1 0.514508 0.677324 0.143953 0.103521
1 0.768930 0.607031 0.076453 0.073920
1 0.706352 0.607523 0.069141 0.080962
1 0.570906 0.625223 0.137313 0.046784
1 0.516125 0.616291 0.094500 0.059155
2 0.970859 0.498392 0.037281 0.057347
2 0.122805 0.568908 0.045297 0.039319
0 0.180844 0.629225 0.027594 0.036009
1 0.589273 0.589906 0.072734 0.038357
1 0.751828 0.569531 0.038156 0.024883
1 0.238422 0.755798 0.120313 0.155399
0 0.435156 0.773474 0.342187 0.161972