0 0.358031 0.668044 0.272187 0.304660
1 0.595687 0.507037 0.476406 0.356557
1 0.266602 0.476862 0.064703 0.057564
1 0.131531 0.509028 0.071531 0.123208
1 0.907687 0.511581 0.184312 0.131171
0 0.900102 0.583103 0.168953 0.165644
0 0.802695 0.840293 0.390891 0.317635
0 0.251016 0.570070 0.099344 0.138267
0 0.909539 0.529098 0.064297 0.058009
0 0.202375 0.551171 0.027813 0.077330
0 0.200375 0.530703 0.033219 0.043185
1 0.218102 0.483279 0.038453 0.039813
1 0.183586 0.486745 0.020984 0.025855
0 0.189711 0.523244 0.023953 0.036604
0 0.188562 0.515187 0.028813 0.026909
0 0.170766 0.505679 0.010031 0.022319