0 0.088328 0.642904 0.170094 0.109977
0 0.188164 0.579766 0.103453 0.098876
0 0.298984 0.627026 0.176406 0.140656
0 0.472234 0.637026 0.218031 0.138501
0 0.665195 0.633220 0.048453 0.081897
0 0.269336 0.541557 0.112203 0.038806
0 0.626172 0.641792 0.077125 0.115621
0 0.838383 0.610410 0.064922 0.056745
0 0.344797 0.487635 0.092500 0.072600
0 0.357664 0.548794 0.083297 0.064754
0 0.082914 0.572155 0.142953 0.108712
0 0.751797 0.604731 0.026438 0.106183
0 0.705797 0.628946 0.023406 0.069789
2 0.157477 0.581347 0.175703 0.119836