1 0.244156 0.449057 0.443656 0.238208
1 0.673602 0.436816 0.499953 0.265377
0 0.021961 0.314988 0.033953 0.027052
0 0.045648 0.318337 0.033078 0.024976
0 0.094359 0.319988 0.028281 0.024599
0 0.119711 0.332276 0.027047 0.013467
0 0.319016 0.324328 0.032937 0.012995
0 0.310875 0.311816 0.032469 0.022170
0 0.412977 0.325696 0.029609 0.017288
0 0.387523 0.303219 0.032141 0.026392
0 0.443063 0.307394 0.024000 0.016297
0 0.879352 0.343691 0.041609 0.031250
0 0.890977 0.331910 0.021859 0.017783
0 0.963906 0.333656 0.048812 0.028774
0 0.921250 0.327759 0.049469 0.023396
0 0.137500 0.304245 0.146875 0.070755