0 0.799431 0.829477 0.090994 0.121641
0 0.954607 0.752492 0.082712 0.075828
0 0.783830 0.464609 0.032381 0.030625
0 0.734265 0.463687 0.029110 0.023688
0 0.496615 0.738109 0.085901 0.084281
0 0.792050 0.422969 0.023437 0.020094
0 0.920776 0.394000 0.020725 0.013500
0 0.981594 0.483695 0.035818 0.026734
2 0.771625 0.618805 0.111325 0.113109
2 0.807433 0.353977 0.018634 0.033891
0 0.809099 0.973578 0.114058 0.048906
0 0.787050 0.444430 0.034803 0.021016
0 0.720725 0.418008 0.017060 0.023703
0 0.753271 0.408367 0.027453 0.023453
1 0.940859 0.634703 0.088965 0.091844
0 0.554017 0.650203 0.071429 0.056063
2 0.789244 0.338367 0.016460 0.014109
0 0.780538 0.482813 0.434783 0.400000