0 0.563758 0.390867 0.056016 0.015082
0 0.796203 0.395234 0.036250 0.042412
0 0.878086 0.370667 0.084734 0.029719
0 0.593344 0.349614 0.017188 0.014824
0 0.923836 0.364614 0.033641 0.038876
0 0.723828 0.369075 0.047438 0.035340
0 0.389102 0.357600 0.084172 0.024520
0 0.684273 0.381628 0.046297 0.039696
0 0.616469 0.385199 0.108094 0.053162
0 0.729523 0.330691 0.034328 0.015902
0 0.658273 0.347775 0.046297 0.026417
0 0.931836 0.337213 0.032797 0.015082
0 0.545508 0.356710 0.068984 0.034075
2 0.967461 0.419040 0.064828 0.158876
0 0.482812 0.360656 0.890625 0.117096