0 0.596805 0.878847 0.046422 0.074250
0 0.210117 0.973736 0.247047 0.052528
0 0.600187 0.822000 0.035531 0.036444
0 0.405094 0.854778 0.043188 0.034222
0 0.641516 0.814792 0.029406 0.034250
0 0.387992 0.975111 0.150203 0.049778
0 0.831250 0.846917 0.323625 0.059278
0 0.510664 0.834306 0.020609 0.031556
0 0.526188 0.834917 0.027062 0.037000
0 0.776320 0.927111 0.447172 0.131944
0 0.623242 0.867319 0.017078 0.051917
0 0.425648 0.847514 0.029328 0.046806
2 0.773789 0.902958 0.436422 0.169972
0 0.443922 0.834875 0.018594 0.034806
0 0.575000 0.829167 0.246875 0.058333