2 0.626170 0.808720 0.040180 0.046453
0 0.092000 0.965213 0.184000 0.069573
0 0.095940 0.912400 0.168440 0.138080
0 0.374970 0.836027 0.051980 0.064693
0 0.284500 0.834120 0.048280 0.047760
0 0.309830 0.816893 0.030020 0.036773
0 0.332000 0.807307 0.026040 0.031147
0 0.425030 0.804987 0.031220 0.030453
0 0.914850 0.921760 0.170180 0.156213
0 0.454600 0.781360 0.015040 0.016533
0 0.555190 0.807427 0.030460 0.037200
0 0.869690 0.826453 0.044860 0.039467
2 0.702700 0.849120 0.079640 0.100587
0 0.500000 0.824000 0.996000 0.213333