0 0.379227 0.248644 0.049797 0.046627
0 0.367852 0.124399 0.041766 0.037005
0 0.343156 0.111250 0.030656 0.041132
0 0.311594 0.091085 0.039313 0.038726
0 0.237609 0.043408 0.037812 0.036627
0 0.473820 0.276392 0.040047 0.051179
0 0.429914 0.291545 0.039484 0.046392
0 0.499563 0.254210 0.039031 0.047948
0 0.213828 0.031392 0.033250 0.034245
0 0.425133 0.240189 0.047859 0.054009
0 0.337617 0.214198 0.042484 0.045991
0 0.707195 0.617866 0.068047 0.072571
0 0.743008 0.740035 0.060328 0.074882
0 0.507031 0.737028 0.982812 0.408019