0 0.620625 0.259005 0.140094 0.064848
0 0.643281 0.194906 0.119594 0.073185
0 0.509102 0.213150 0.116766 0.068361
0 0.776844 0.246487 0.139000 0.073349
0 0.793047 0.192436 0.109937 0.057471
0 0.861031 0.201686 0.117000 0.059344
0 0.415656 0.262822 0.124313 0.059415
0 0.261437 0.283009 0.135625 0.060023
0 0.039797 0.762283 0.079594 0.114637
0 0.166758 0.860410 0.137609 0.143489
0 0.928633 0.226862 0.142734 0.070867
0 0.959750 0.178993 0.080281 0.066651
0 0.011922 0.294590 0.023844 0.064450
1 0.025883 0.634309 0.051766 0.146183