2 0.608430 0.495510 0.185391 0.357312
2 0.351703 0.524719 0.239969 0.212604
2 0.732516 0.371656 0.063562 0.096271
2 0.179898 0.862615 0.261828 0.236479
0 0.070398 0.810042 0.136328 0.148833
0 0.356664 0.682948 0.161953 0.172854
0 0.437234 0.617396 0.123906 0.124542
0 0.484883 0.556635 0.092172 0.091188
2 0.206375 0.665875 0.181219 0.152333
2 0.614680 0.348792 0.086734 0.103667
2 0.520594 0.399500 0.079469 0.061542
2 0.208164 0.326229 0.063766 0.039583
2 0.018539 0.430333 0.037078 0.173042
0 0.810742 0.398000 0.060953 0.048625
0 0.136242 0.392802 0.061828 0.066896
0 0.546055 0.459396 0.074391 0.056833
0 0.800469 0.368177 0.047469 0.023438
0 0.526227 0.692552 0.125734 0.123604
0 0.142234 0.599010 0.133187 0.101646
0 0.062969 0.669135 0.122219 0.128396
0 0.491922 0.432646 0.066250 0.049417
0 0.441406 0.646875 0.826562 0.702083