0 0.858711 0.513917 0.058984 0.062917
0 0.339609 0.485938 0.030781 0.026708
0 0.291570 0.482458 0.037078 0.040458
0 0.329500 0.479656 0.023656 0.026146
0 0.824094 0.509125 0.025156 0.039708
0 0.925258 0.474042 0.020922 0.022667
0 0.773078 0.466812 0.016250 0.023417
0 0.761695 0.468240 0.011609 0.022604
0 0.750164 0.470104 0.021078 0.028500
0 0.736016 0.449719 0.019656 0.019646
0 0.696680 0.454865 0.019359 0.011813
0 0.789984 0.460385 0.014563 0.022771
0 0.869656 0.444625 0.024250 0.017792
0 0.453906 0.433333 0.885938 0.141667