0 0.344000 0.795288 0.050000 0.080025
0 0.279594 0.770325 0.055406 0.053300
0 0.252422 0.806363 0.054438 0.060025
0 0.154242 0.879537 0.095547 0.115375
0 0.292617 0.905763 0.044672 0.104325
0 0.422672 0.836038 0.061125 0.095925
1 0.061016 0.786325 0.120438 0.190750
0 0.444414 0.776725 0.041172 0.070100
0 0.459383 0.733925 0.034359 0.030350
0 0.392062 0.763038 0.028719 0.051975
0 0.430258 0.787837 0.049859 0.057175
0 0.313883 0.763950 0.028609 0.036750
0 0.912625 0.721050 0.052750 0.047300
2 0.368648 0.766537 0.040203 0.073275
0 0.759375 0.747500 0.406250 0.145000