0 0.074375 0.463094 0.148750 0.163312
0 0.248859 0.444000 0.034187 0.028750
0 0.198906 0.440302 0.019844 0.030146
0 0.445609 0.447281 0.019250 0.023813
2 0.074117 0.459937 0.148234 0.162917
0 0.665180 0.461208 0.078172 0.045292
2 0.317586 0.463885 0.111141 0.081562
0 0.460969 0.447135 0.020406 0.018021
0 0.422078 0.444927 0.035437 0.028813
0 0.605523 0.461656 0.024016 0.038812
0 0.273172 0.439938 0.018344 0.028625
0 0.368102 0.449802 0.024641 0.041312
0 0.546352 0.449375 0.024047 0.016500
0 0.218609 0.442375 0.035406 0.029542