0 0.198234 0.560953 0.396469 0.374446
0 0.663852 0.375147 0.155734 0.187655
0 0.912203 0.371906 0.158219 0.139283
0 0.615469 0.351718 0.177219 0.166531
0 0.430844 0.423404 0.246281 0.194821
0 0.551031 0.314015 0.067562 0.107606
0 0.428867 0.278111 0.103516 0.062866
0 0.956328 0.301018 0.087000 0.080798
0 0.918898 0.266384 0.160984 0.083225
0 0.969758 0.470472 0.060484 0.263746
2 0.402789 0.238176 0.097203 0.050228
0 0.165594 0.309585 0.136875 0.122362
0 0.333898 0.346490 0.166766 0.083534
0 0.142078 0.238550 0.067250 0.039577
0 0.428906 0.301303 0.851562 0.377850