0 0.120523 0.216663 0.238172 0.165597
0 0.503180 0.191475 0.199484 0.101874
0 0.211617 0.109918 0.162328 0.097447
0 0.909320 0.069660 0.088453 0.062927
0 0.690430 0.085386 0.109453 0.085386
2 0.551742 0.079403 0.173922 0.128080
2 0.210312 0.111054 0.164938 0.095691
0 0.689156 0.197799 0.141219 0.068806
0 0.870938 0.171569 0.170500 0.118735
0 0.046687 0.030667 0.092000 0.059227
0 0.310070 0.034344 0.129484 0.068689
0 0.734812 0.148267 0.136656 0.100375
2 0.870570 0.159403 0.167391 0.105878
0 0.271797 0.018595 0.108656 0.037002
0 0.414563 0.024836 0.086031 0.049204
2 0.740180 0.149789 0.145547 0.098033