0 0.160086 0.575117 0.019797 0.017183
0 0.175359 0.568603 0.018906 0.024859
0 0.207875 0.570329 0.041656 0.029014
0 0.703953 0.569977 0.056594 0.028685
0 0.281453 0.572864 0.045188 0.019671
0 0.447797 0.572430 0.020594 0.018803
0 0.588984 0.572735 0.037687 0.019038
0 0.616508 0.574214 0.024484 0.013545
0 0.509773 0.570892 0.050078 0.024601
0 0.348164 0.564613 0.026141 0.025000
0 0.389633 0.563779 0.022766 0.013756
0 0.366836 0.572394 0.009109 0.012160
0 0.476617 0.566362 0.031297 0.022113
0 0.521094 0.564554 0.857812 0.049296