0 0.464531 0.806312 0.131750 0.128375
0 0.935289 0.933198 0.129422 0.133604
0 0.649734 0.783479 0.086594 0.132375
0 0.686305 0.842042 0.094953 0.175583
0 0.865172 0.743208 0.108094 0.081167
0 0.201273 0.807844 0.156609 0.168437
0 0.124211 0.852135 0.164734 0.172104
0 0.076500 0.898698 0.153000 0.202604
0 0.854773 0.878656 0.290453 0.220229
0 0.761414 0.873667 0.173797 0.232792
0 0.604227 0.732917 0.059203 0.081958
0 0.517742 0.751063 0.061422 0.090000
0 0.606750 0.760719 0.038781 0.087188
2 0.815719 0.702365 0.103438 0.120854
0 0.618750 0.752083 0.759375 0.237500