0 0.436400 0.725254 0.092640 0.107303
0 0.139710 0.656768 0.112900 0.108142
0 0.287130 0.566679 0.082380 0.080331
0 0.371060 0.489313 0.055320 0.071247
0 0.625640 0.593804 0.048240 0.075242
0 0.649290 0.562214 0.055180 0.063969
0 0.600780 0.507824 0.045120 0.056718
0 0.510810 0.775064 0.100300 0.124784
0 0.443260 0.449491 0.043120 0.059389
0 0.481270 0.427786 0.038220 0.043155
0 0.510830 0.441807 0.041980 0.049873
0 0.635480 0.449262 0.017760 0.038321
1 0.570760 0.451209 0.092440 0.118448
0 0.657970 0.525560 0.033940 0.058448
0 0.551000 0.544529 0.314000 0.417303