2 0.835930 0.508033 0.175609 0.299813
2 0.332133 0.556124 0.095078 0.154637
2 0.025195 0.544040 0.050391 0.172904
0 0.546836 0.849824 0.139016 0.182084
0 0.328984 0.697845 0.112625 0.145527
0 0.426742 0.611335 0.106422 0.154473
0 0.622563 0.583489 0.032031 0.092131
0 0.700047 0.577681 0.077281 0.109508
0 0.727820 0.595363 0.039266 0.090492
0 0.915375 0.664848 0.110219 0.188103
0 0.589391 0.520878 0.048406 0.074215
0 0.988445 0.776546 0.023109 0.209859
0 0.037891 0.911101 0.075781 0.148150
0 0.633727 0.218267 0.040328 0.033208
0 0.675797 0.216440 0.046531 0.034286
0 0.571695 0.486897 0.047891 0.052201
0 0.507812 0.292740 0.128125 0.313817