2 0.299664 0.664791 0.073109 0.208802
2 0.348680 0.489234 0.062766 0.126323
2 0.553836 0.233329 0.065984 0.121755
2 0.325180 0.589331 0.054297 0.159387
2 0.369703 0.452368 0.049281 0.152201
2 0.436195 0.282883 0.069953 0.117131
0 0.351938 0.751003 0.034156 0.053203
0 0.355773 0.724123 0.037828 0.041560
0 0.362594 0.691365 0.035531 0.051476
0 0.454250 0.408997 0.027813 0.040836
0 0.505953 0.462827 0.023688 0.034791
0 0.514375 0.442632 0.032438 0.033064
2 0.481797 0.261866 0.074063 0.124234
0 0.465586 0.077117 0.021703 0.032953
0 0.461023 0.048900 0.021516 0.025877
2 0.407820 0.323259 0.054078 0.130139
0 0.473727 0.139331 0.057641 0.041114
0 0.435031 0.126685 0.042750 0.029192
0 0.531078 0.376643 0.031344 0.016741
0 0.514406 0.422270 0.029000 0.024596