0 0.335758 0.977986 0.045578 0.042623
0 0.355195 0.927705 0.015391 0.027822
0 0.453281 0.910375 0.019437 0.029133
0 0.927773 0.958244 0.054453 0.044122
0 0.337719 0.947681 0.027969 0.028478
0 0.354391 0.908056 0.018875 0.017705
0 0.355773 0.892482 0.017391 0.015176
0 0.361281 0.881874 0.012687 0.012412
0 0.364156 0.866194 0.012625 0.016792
0 0.379914 0.830749 0.010391 0.012646
0 0.970227 0.961054 0.059547 0.058314
0 0.347625 0.935585 0.027094 0.035714
0 0.366625 0.847190 0.008719 0.017143
0 0.447656 0.862998 0.132812 0.185012