0 0.478875 0.204603 0.082906 0.102427
0 0.354820 0.165973 0.035141 0.037218
0 0.090664 0.200858 0.164109 0.127197
0 0.476562 0.141245 0.021344 0.023075
0 0.476297 0.124519 0.019563 0.018494
0 0.367344 0.149121 0.021719 0.017699
0 0.376742 0.140439 0.029203 0.028075
0 0.293547 0.189456 0.041875 0.045146
0 0.384625 0.175157 0.035406 0.038389
0 0.232406 0.192416 0.070438 0.063117
0 0.395703 0.122061 0.020781 0.020397
0 0.410797 0.101883 0.016375 0.019874
0 0.274313 0.192573 0.033125 0.047238
0 0.436719 0.118201 0.076563 0.048117