0 0.604850 0.767480 0.078580 0.068773
0 0.859590 0.762387 0.074500 0.090427
0 0.534130 0.771693 0.058300 0.038853
0 0.541440 0.709920 0.056640 0.061013
0 0.477720 0.725520 0.070320 0.082507
0 0.425740 0.683000 0.048680 0.059493
0 0.470650 0.651120 0.048820 0.056960
0 0.411110 0.596560 0.035660 0.049280
0 0.363020 0.585933 0.036360 0.039547
0 0.344350 0.568907 0.024420 0.028693
0 0.679860 0.844627 0.127360 0.115013
0 0.928250 0.804893 0.105060 0.090747
0 0.853490 0.809720 0.044940 0.040720
0 0.659000 0.689333 0.678000 0.397333