1 0.370648 0.508080 0.283109 0.418642
0 0.888000 0.615515 0.124469 0.179508
0 0.958469 0.622728 0.081375 0.215948
0 0.679406 0.566710 0.139063 0.122927
0 0.089211 0.846066 0.172422 0.307869
0 0.058219 0.675714 0.110156 0.273583
0 0.042047 0.548934 0.084094 0.101335
0 0.558648 0.580515 0.064078 0.094473
0 0.984312 0.654485 0.031375 0.164145
0 0.105953 0.461393 0.030531 0.033466
0 0.046719 0.526464 0.092250 0.089274
0 0.634805 0.554848 0.114891 0.147073
0 0.048930 0.506077 0.097859 0.096183
0 0.526227 0.577857 0.052422 0.092763
0 0.123437 0.388759 0.143750 0.304450