0 0.465026 0.935870 0.926480 0.128260
0 0.335357 0.843820 0.670714 0.213480
0 0.386952 0.786520 0.773903 0.251680
0 0.391250 0.569290 0.782500 0.168540
0 0.421339 0.501120 0.836964 0.224720
0 0.421135 0.665090 0.842270 0.197860
0 0.333929 0.126960 0.667857 0.173040
0 0.296747 0.328340 0.593495 0.107360
0 0.594707 0.959270 0.797985 0.081460
0 0.367653 0.287060 0.735306 0.155280
0 0.292538 0.213140 0.573903 0.091920
0 0.245026 0.176010 0.490051 0.109100
0 0.325957 0.356420 0.651913 0.083680
0 0.437500 0.497000 0.875000 0.994000