0 0.051430 0.783302 0.054359 0.050521
0 0.618422 0.751406 0.062969 0.036396
0 0.826211 0.746344 0.056953 0.030062
0 0.104297 0.762302 0.050062 0.025396
0 0.206328 0.763281 0.027687 0.018729
0 0.186414 0.763646 0.042016 0.017625
0 0.337742 0.756271 0.022641 0.017583
2 0.261516 0.756375 0.038094 0.068875
2 0.619039 0.752417 0.063734 0.031542
2 0.826172 0.745854 0.057719 0.029500
0 0.310195 0.766250 0.041422 0.042042
0 0.655203 0.754896 0.012406 0.008167
0 0.336742 0.769094 0.015047 0.026854
2 0.312375 0.765990 0.039062 0.043479