0 0.286133 0.865471 0.146297 0.155208
0 0.384805 0.815499 0.088359 0.108227
0 0.454094 0.817950 0.055125 0.082825
0 0.559750 0.779197 0.034594 0.074515
0 0.525797 0.793698 0.045781 0.072881
0 0.745492 0.824875 0.092391 0.139501
0 0.583758 0.766620 0.033172 0.059834
0 0.112813 0.896620 0.223094 0.175291
0 0.484773 0.798740 0.058109 0.088560
0 0.779688 0.761870 0.038937 0.071607
0 0.678102 0.712770 0.027078 0.023213
0 0.686281 0.699695 0.021031 0.026316
0 0.749547 0.723241 0.031750 0.041163
0 0.330469 0.801939 0.660937 0.285319