0 0.505359 0.622055 0.049344 0.067236
0 0.515203 0.601875 0.039219 0.060337
0 0.539625 0.378786 0.009687 0.009784
0 0.807313 0.929976 0.088281 0.140048
0 0.320211 0.920264 0.106516 0.159471
0 0.123445 0.930120 0.114359 0.115769
0 0.361992 0.599579 0.041672 0.057668
0 0.843133 0.976695 0.111266 0.046611
0 0.325531 0.839135 0.101656 0.084615
0 0.580227 0.619387 0.041328 0.065649
2 0.461227 0.507200 0.055516 0.038774
2 0.321789 0.645517 0.057047 0.078726
0 0.325156 0.644183 0.057063 0.080481
0 0.686609 0.678161 0.056125 0.075505
2 0.055047 0.952031 0.110094 0.095937
0 0.528906 0.527644 0.317188 0.194712