0 0.591708 0.379086 0.031875 0.011359
0 0.489698 0.379969 0.012396 0.009312
0 0.458865 0.358016 0.020521 0.008344
0 0.623365 0.385844 0.019312 0.008094
0 0.461719 0.372625 0.011396 0.009875
0 0.644062 0.341477 0.010750 0.010297
0 0.659281 0.338062 0.012271 0.011187
0 0.426677 0.400586 0.427896 0.063516
0 0.568094 0.382445 0.025187 0.009734
0 0.549604 0.386281 0.024792 0.007750
0 0.653927 0.380656 0.025021 0.010219
0 0.608635 0.359219 0.013479 0.009969
0 0.719969 0.328156 0.014521 0.013000
0 0.600000 0.359375 0.433333 0.121875