0 0.904664 0.560863 0.042109 0.026526
0 0.746430 0.561516 0.045797 0.027032
0 0.413508 0.547000 0.049109 0.028695
0 0.053977 0.544495 0.042922 0.021032
0 0.097008 0.548558 0.037609 0.024695
0 0.869219 0.560021 0.033094 0.024126
0 0.326078 0.544916 0.041688 0.028653
0 0.370820 0.549853 0.044547 0.022863
0 0.490250 0.548147 0.044312 0.017347
0 0.025461 0.541484 0.036297 0.026000
0 0.283687 0.548600 0.036687 0.027053
0 0.531508 0.551926 0.048797 0.028189
0 0.585906 0.556674 0.041281 0.026568
0 0.575000 0.549474 0.787500 0.050526