0 0.437892 0.508625 0.046417 0.015188
0 0.152635 0.512664 0.024801 0.016547
0 0.190398 0.514992 0.023700 0.012484
0 0.220984 0.508656 0.027213 0.009062
0 0.592330 0.503258 0.047986 0.013578
0 0.462084 0.509109 0.024450 0.011750
0 0.088162 0.512766 0.038290 0.017906
0 0.056733 0.512570 0.056979 0.016391
0 0.356405 0.513102 0.033653 0.019172
0 0.257260 0.509187 0.069133 0.022187
0 0.420621 0.509734 0.013419 0.010500
0 0.554672 0.506797 0.025035 0.009375
0 0.120492 0.514477 0.040468 0.013078
0 0.406323 0.508594 0.489461 0.026562