2 0.393437 0.531749 0.446875 0.248192
2 0.855641 0.281385 0.098031 0.126244
0 0.217633 0.823040 0.225859 0.157300
0 0.211180 0.936772 0.267141 0.125563
0 0.411344 0.886514 0.197437 0.186502
0 0.513719 0.966138 0.191125 0.067723
0 0.657594 0.893028 0.195594 0.204131
0 0.071656 0.827359 0.143313 0.177488
0 0.044625 0.955786 0.089250 0.087770
0 0.626883 0.515411 0.074266 0.080775
0 0.719156 0.461549 0.080594 0.072723
0 0.807891 0.450563 0.097000 0.104225
0 0.703758 0.417969 0.072797 0.067723
0 0.609070 0.410704 0.082828 0.080845
0 0.766445 0.429554 0.037641 0.055164
2 0.898898 0.891502 0.201734 0.216667
0 0.549219 0.424883 0.898438 0.338028