0 0.259625 0.761677 0.121906 0.116271
0 0.730586 0.758083 0.249641 0.121042
0 0.475609 0.722594 0.060188 0.078021
0 0.404641 0.719917 0.041438 0.049750
0 0.956461 0.792615 0.087078 0.107604
0 0.560516 0.724948 0.059344 0.077771
0 0.058141 0.739094 0.064875 0.070396
0 0.594867 0.722927 0.042141 0.075938
0 0.119344 0.761417 0.133656 0.107792
0 0.014375 0.746125 0.027719 0.111333
0 0.648180 0.731823 0.111734 0.105563
2 0.406086 0.721219 0.040703 0.050063
2 0.352031 0.706698 0.047469 0.076979
2 0.474547 0.724010 0.057406 0.076979