0 0.912086 0.766052 0.174516 0.466938
0 0.145258 0.641385 0.091641 0.077896
0 0.466836 0.624281 0.057047 0.069354
0 0.655664 0.586875 0.051422 0.064250
0 0.873422 0.596323 0.055531 0.057521
0 0.319430 0.629448 0.158859 0.097438
0 0.483352 0.607198 0.078578 0.064896
1 0.742320 0.537531 0.069297 0.127729
0 0.417781 0.616542 0.070469 0.078292
0 0.532516 0.613865 0.044875 0.058979
0 0.918469 0.657896 0.162344 0.266875
0 0.052078 0.743698 0.104156 0.083396
0 0.529289 0.590167 0.050641 0.038042
2 0.782742 0.583583 0.065266 0.078583
0 0.546875 0.542708 0.637500 0.152083