0 0.242508 0.979330 0.048703 0.041339
0 0.236414 0.948089 0.029141 0.028099
2 0.345523 0.924039 0.092766 0.107430
0 0.115258 0.974568 0.041391 0.049827
0 0.070867 0.927808 0.021453 0.029957
0 0.288789 0.975518 0.025766 0.048963
0 0.155750 0.936631 0.030719 0.033261
0 0.165641 0.977851 0.068437 0.044298
0 0.194477 0.938952 0.035703 0.028575
0 0.178820 0.921058 0.018047 0.024924
0 0.101781 0.935356 0.017031 0.030799
0 0.029750 0.931026 0.022531 0.027711
0 0.065367 0.980454 0.043422 0.037883
0 0.125352 0.952613 0.037484 0.022549
0 0.221094 0.894168 0.442188 0.207343