0 0.221383 0.615187 0.104609 0.045958
0 0.267633 0.655448 0.128953 0.056646
0 0.324250 0.619083 0.108094 0.048500
0 0.442664 0.622448 0.117234 0.070479
0 0.711484 0.712271 0.122125 0.099792
0 0.167695 0.651687 0.106172 0.062917
0 0.794719 0.558198 0.077844 0.046271
0 0.061875 0.678219 0.123750 0.064062
0 0.698687 0.571062 0.079969 0.043042
1 0.353938 0.847188 0.670781 0.305625
2 0.613664 0.582604 0.117609 0.080667
0 0.815141 0.736146 0.147875 0.110333
0 0.051844 0.635375 0.102875 0.050833
0 0.523680 0.566760 0.077203 0.046229
0 0.672703 0.547656 0.052125 0.022313
0 0.896875 0.885417 0.018750 0.125000