1 0.798805 0.231719 0.137172 0.270562
1 0.619938 0.100229 0.097969 0.175667
1 0.901711 0.286490 0.177391 0.289062
2 0.427102 0.271333 0.132609 0.275542
0 0.586047 0.743156 0.322313 0.386479
0 0.717789 0.347458 0.101516 0.132542
0 0.791430 0.513510 0.102609 0.170104
0 0.937602 0.650448 0.124797 0.166521
0 0.882563 0.565552 0.125844 0.183271
0 0.535422 0.302552 0.096125 0.120646
0 0.942063 0.550583 0.115875 0.094125
0 0.493633 0.118250 0.043953 0.041667
0 0.528031 0.148573 0.060188 0.076688
0 0.705484 0.224208 0.058156 0.098583
0 0.453852 0.454115 0.035766 0.156229
0 0.965734 0.774073 0.057406 0.155562
1 0.396469 0.193271 0.116062 0.280208
1 0.942594 0.281479 0.114813 0.222208
0 0.523695 0.487531 0.135766 0.234771
0 0.390625 0.121875 0.231250 0.093750