0 0.496150 0.810511 0.177180 0.192372
0 0.136340 0.808243 0.134760 0.138829
0 0.262820 0.771306 0.094040 0.152703
0 0.306780 0.781081 0.044400 0.112733
0 0.329220 0.753514 0.109040 0.135796
0 0.399520 0.753604 0.056320 0.094835
0 0.567380 0.658859 0.060880 0.082102
0 0.605580 0.631667 0.047080 0.069039
0 0.188130 0.782087 0.134660 0.157628
0 0.540910 0.687643 0.066700 0.082613
0 0.755250 0.544159 0.047660 0.060811
0 0.822630 0.527553 0.048940 0.051381
1 0.958660 0.509580 0.070840 0.100480
0 0.008800 0.862027 0.017600 0.134204
0 0.619000 0.656156 0.758000 0.393393