0 0.160570 0.580173 0.065140 0.068560
0 0.534230 0.572120 0.151980 0.152933
0 0.455350 0.569947 0.042700 0.066773
0 0.937920 0.882013 0.116280 0.226960
0 0.201840 0.570213 0.055400 0.059947
0 0.094590 0.591907 0.108180 0.100453
0 0.229110 0.565000 0.034340 0.047227
0 0.236570 0.557787 0.048620 0.051040
0 0.268730 0.554693 0.025260 0.035413
0 0.287720 0.549907 0.021320 0.027920
0 0.326120 0.543960 0.023320 0.024240
2 0.449930 0.553280 0.057620 0.072107
0 0.303930 0.546653 0.020020 0.029947
0 0.478000 0.432000 0.956000 0.517333