0 0.126052 0.542992 0.090188 0.052078
0 0.380063 0.526813 0.039708 0.035125
0 0.412281 0.523164 0.076271 0.032734
0 0.465094 0.521078 0.067396 0.031344
0 0.509854 0.518391 0.050208 0.024000
0 0.676792 0.513414 0.061083 0.029641
0 0.696344 0.508914 0.043104 0.030172
0 0.782677 0.511664 0.045521 0.028453
1 0.647927 0.495430 0.080729 0.044203
2 0.729698 0.489508 0.063146 0.057453
0 0.532865 0.512250 0.049438 0.029719
2 0.269219 0.516086 0.204063 0.105047
2 0.644021 0.495609 0.070583 0.042750
2 0.587146 0.510703 0.068125 0.036656
0 0.636875 0.508578 0.037792 0.026844