2 0.787883 0.368271 0.169016 0.288250
0 0.945805 0.468219 0.108391 0.171146
0 0.621328 0.428531 0.101250 0.086104
0 0.886164 0.448792 0.051734 0.101333
0 0.423898 0.427615 0.070078 0.050271
0 0.389516 0.421177 0.044062 0.038771
0 0.311312 0.425875 0.074469 0.050042
0 0.149281 0.440594 0.116094 0.094021
0 0.244008 0.425865 0.066891 0.046437
0 0.911633 0.446625 0.063172 0.121625
0 0.051914 0.446615 0.101391 0.110604
0 0.358891 0.425240 0.059375 0.044937
0 0.547188 0.421990 0.038844 0.032271
0 0.881344 0.418073 0.041563 0.039938
0 0.790625 0.413542 0.312500 0.489583