2 0.246781 0.687077 0.200750 0.358286
0 0.618555 0.784930 0.144766 0.193427
0 0.718875 0.768615 0.124406 0.160986
0 0.502500 0.758638 0.104719 0.121174
0 0.841594 0.768146 0.140750 0.155540
0 0.385164 0.737523 0.076297 0.110117
0 0.732398 0.681585 0.090234 0.082136
0 0.596805 0.679472 0.115797 0.042700
0 0.462781 0.749671 0.065750 0.118357
0 0.787859 0.693955 0.035813 0.037160
0 0.443937 0.710481 0.030125 0.039178
0 0.353711 0.772852 0.036484 0.108146
0 0.540727 0.699284 0.071266 0.057160
0 0.847648 0.696643 0.085797 0.047089
0 0.529687 0.693662 0.856250 0.345070