0 0.808790 0.630693 0.066300 0.036145
0 0.878590 0.625030 0.022260 0.034398
0 0.414580 0.636807 0.052840 0.017831
0 0.477610 0.638072 0.763020 0.057349
0 0.524590 0.636566 0.074780 0.033133
0 0.633560 0.631355 0.057960 0.020181
0 0.715330 0.637440 0.042220 0.031566
0 0.675770 0.630452 0.040820 0.021446
0 0.461300 0.632199 0.046800 0.023494
0 0.729250 0.625783 0.027300 0.022831
0 0.045800 0.645090 0.062800 0.029036
1 0.428020 0.626506 0.089520 0.026506
0 0.993200 0.632816 0.013600 0.026777
2 0.795500 0.614458 0.025000 0.024277