0 0.244695 0.481062 0.037703 0.016625
0 0.362344 0.481802 0.036469 0.013604
0 0.470164 0.481917 0.034422 0.013125
0 0.275813 0.479438 0.018750 0.015167
0 0.186664 0.480417 0.057703 0.019750
0 0.289555 0.481219 0.015703 0.011854
0 0.434398 0.480656 0.035641 0.022562
0 0.401656 0.480646 0.035406 0.013875
0 0.753938 0.480458 0.038094 0.013458
0 0.516039 0.479437 0.031984 0.019042
0 0.559844 0.478115 0.021281 0.021062
0 0.304609 0.480969 0.011000 0.011229
1 0.337523 0.463094 0.076078 0.023938
0 0.331492 0.481938 0.010703 0.012667
0 0.480469 0.481250 0.748437 0.033333