0 0.787237 0.541930 0.016239 0.005484
0 0.518761 0.748875 0.049874 0.023563
0 0.068130 0.701492 0.033950 0.010547
2 0.514643 0.706883 0.057731 0.083547
2 0.478046 0.704406 0.059202 0.083187
0 0.266218 0.815266 0.050840 0.022219
0 0.058519 0.719117 0.054769 0.016016
0 0.755935 0.527258 0.023424 0.012391
2 0.869433 0.895742 0.139076 0.075234
2 0.047815 0.788656 0.057605 0.040688
2 0.689307 0.628586 0.026008 0.022172
2 0.614286 0.635602 0.050924 0.033672
2 0.328277 0.868109 0.104832 0.052500
0 0.069475 0.707086 0.049832 0.018641