0 0.076039 0.782963 0.034484 0.026534
0 0.122523 0.770902 0.032422 0.025363
0 0.115859 0.796276 0.040000 0.015269
0 0.180578 0.736253 0.028719 0.025433
0 0.097617 0.765878 0.020797 0.015691
0 0.342125 0.699918 0.021531 0.022693
2 0.223828 0.693548 0.024125 0.029813
0 0.052727 0.818560 0.041828 0.034356
0 0.117227 0.817225 0.044891 0.035293
0 0.178805 0.796827 0.043203 0.030000
0 0.361219 0.672424 0.020156 0.020913
0 0.144094 0.835867 0.042156 0.030656
0 0.041398 0.753735 0.028422 0.031874
2 0.053180 0.819075 0.042734 0.031546
0 0.120813 0.756593 0.019375 0.013607
0 0.224219 0.701405 0.379688 0.100703