0 0.319094 0.590153 0.034969 0.021722
0 0.296445 0.583420 0.027766 0.024292
0 0.277414 0.578868 0.032766 0.019670
0 0.143961 0.524623 0.038922 0.031462
0 0.253930 0.505094 0.024797 0.028396
0 0.881352 0.488078 0.035734 0.024741
0 0.200531 0.515448 0.019219 0.025472
2 0.469492 0.606050 0.039641 0.046627
2 0.532563 0.540943 0.021813 0.016698
0 0.248758 0.579045 0.018484 0.013703
0 0.074891 0.535248 0.039969 0.036675
0 0.184273 0.516958 0.036078 0.035236
0 0.212664 0.513007 0.025047 0.027382
2 0.114813 0.556969 0.068125 0.036297
2 0.507914 0.599410 0.050109 0.051038
0 0.269828 0.505472 0.021625 0.024340