1 0.318461 0.513232 0.137672 0.331054
1 0.689742 0.651511 0.200953 0.443817
1 0.488023 0.625468 0.172422 0.393279
2 0.535758 0.237377 0.084547 0.159859
2 0.774008 0.887951 0.200703 0.224098
2 0.929164 0.455562 0.134141 0.302646
0 0.883836 0.728091 0.127453 0.161803
0 0.927852 0.885047 0.116578 0.149859
0 0.954898 0.919321 0.090203 0.161358
0 0.479117 0.847494 0.148359 0.227635
0 0.568180 0.342576 0.057672 0.051101
0 0.516828 0.967904 0.145750 0.064192
0 0.226047 0.726054 0.162625 0.076838
0 0.645359 0.332482 0.063875 0.077611
1 0.643891 0.272740 0.087500 0.144450
1 0.453375 0.320820 0.101188 0.210351
1 0.445945 0.201499 0.066766 0.123138
2 0.205867 0.871628 0.306547 0.229719
0 0.815539 0.707904 0.061422 0.133513
0 0.375563 0.275059 0.048125 0.059859
0 0.542102 0.330726 0.059422 0.083466
0 0.309227 0.730386 0.109234 0.132389
0 0.551102 0.813571 0.057547 0.145738
1 0.692164 0.473958 0.339953 0.219297
0 0.340625 0.544496 0.681250 0.906323