0 0.648560 0.524078 0.056979 0.014250
0 0.797447 0.504945 0.045480 0.013484
0 0.683372 0.512477 0.028478 0.008516
0 0.724450 0.523273 0.056534 0.013578
0 0.744040 0.519742 0.047518 0.011016
0 0.710925 0.510141 0.024895 0.012781
0 0.856183 0.521602 0.051241 0.012922
0 0.551265 0.512258 0.040749 0.009797
0 0.582576 0.522930 0.050726 0.010516
0 0.523595 0.515398 0.027330 0.009859
0 0.553841 0.526891 0.051850 0.008469
0 0.796030 0.524234 0.053372 0.015438
0 0.681101 0.508031 0.034988 0.007719
0 0.586651 0.518750 0.822014 0.046875