0 0.930547 0.327865 0.138906 0.147437
0 0.787078 0.357302 0.235969 0.247188
0 0.814883 0.229625 0.190703 0.142625
0 0.913352 0.227406 0.173297 0.111646
2 0.658094 0.124062 0.066406 0.066208
0 0.434070 0.138844 0.126859 0.089771
0 0.246578 0.133229 0.125125 0.106333
0 0.779117 0.146948 0.122578 0.056854
0 0.706164 0.137073 0.044203 0.050312
0 0.594750 0.122646 0.137500 0.082542
0 0.138969 0.129542 0.115062 0.090292
0 0.339719 0.096812 0.066062 0.056750
0 0.729211 0.212625 0.202828 0.115458
0 0.527539 0.219375 0.130672 0.133083
0 0.500000 0.146875 0.996875 0.218750