0 0.242062 0.524398 0.126312 0.105107
0 0.110984 0.516644 0.120094 0.100989
0 0.518062 0.626965 0.292844 0.323610
0 0.693273 0.501765 0.057922 0.054439
0 0.810766 0.541083 0.100844 0.111096
0 0.959266 0.547259 0.081156 0.112326
2 0.761133 0.486377 0.052422 0.061310
0 0.878797 0.496952 0.043688 0.056310
0 0.952305 0.485521 0.040891 0.039225
0 0.837078 0.494612 0.048156 0.059866
0 0.912672 0.502500 0.041438 0.060989
0 0.636891 0.499385 0.032500 0.047380
0 0.725141 0.475816 0.032656 0.034412
0 0.393766 0.525281 0.092844 0.106070
2 0.952812 0.486684 0.043812 0.043262
0 0.864844 0.482620 0.267188 0.066845