2 0.555851 0.895062 0.550861 0.209875
0 0.216092 0.962148 0.081092 0.040953
0 0.133141 0.957906 0.069769 0.041813
0 0.067595 0.943656 0.044139 0.025344
0 0.210305 0.928930 0.072878 0.018078
0 0.260273 0.952703 0.040084 0.025625
0 0.109265 0.937344 0.027479 0.027875
0 0.047269 0.945016 0.021807 0.022656
0 0.068141 0.950406 0.026576 0.020063
0 0.132994 0.932109 0.073718 0.017500
0 0.042300 0.937102 0.043592 0.026547
0 0.011996 0.934508 0.023445 0.018141
0 0.202111 0.948516 0.071155 0.037000
0 0.222290 0.911445 0.019874 0.010703
0 0.113445 0.918750 0.016807 0.009375