0 0.207352 0.840466 0.140547 0.157156
0 0.523969 0.550455 0.062375 0.080490
0 0.392398 0.737692 0.087078 0.103916
0 0.412906 0.653030 0.072125 0.074359
0 0.426570 0.621690 0.057234 0.064033
0 0.529469 0.640455 0.067781 0.080909
2 0.284016 0.646422 0.120375 0.190839
2 0.203328 0.834103 0.129594 0.146667
2 0.583828 0.523392 0.048063 0.064312
2 0.439086 0.508112 0.056922 0.056503
0 0.421602 0.560221 0.058797 0.045571
0 0.126906 0.944860 0.139187 0.088508
0 0.518320 0.591853 0.055672 0.065804
2 0.640352 0.654545 0.081297 0.120326
2 0.522711 0.485478 0.050516 0.051608
0 0.397906 0.464464 0.037625 0.045058
0 0.414727 0.438660 0.034328 0.026457
0 0.498437 0.513986 0.293750 0.235431