0 0.749840 0.761168 0.088960 0.059645
0 0.629620 0.732589 0.089000 0.066853
0 0.181070 0.686066 0.049060 0.050406
0 0.872500 0.672132 0.067120 0.047107
1 0.347990 0.411307 0.040420 0.028401
0 0.825560 0.810457 0.086280 0.097868
0 0.949470 0.652284 0.056420 0.043706
0 0.726220 0.563528 0.049640 0.032030
0 0.796240 0.549695 0.036680 0.027970
0 0.830400 0.555355 0.038720 0.028223
0 0.973880 0.686307 0.051120 0.062107
0 0.611150 0.564543 0.046940 0.032081
0 0.557080 0.539556 0.043160 0.031954
0 0.642200 0.555901 0.030320 0.029772
0 0.524000 0.605330 0.948000 0.428934