2 0.500484 0.502252 0.997563 0.959545
0 0.090922 0.472355 0.181844 0.330331
0 0.967758 0.501798 0.064484 0.187314
0 0.154648 0.285393 0.084984 0.094421
2 0.901914 0.179711 0.046859 0.132231
2 0.862055 0.313306 0.052453 0.179091
0 0.974891 0.330661 0.050219 0.153554
0 0.980930 0.222789 0.038141 0.069132
0 0.981742 0.152500 0.036516 0.071694
0 0.986547 0.088843 0.026719 0.061736
0 0.955273 0.422541 0.077359 0.203264
0 0.897461 0.022376 0.027484 0.039132
0 0.913297 0.141033 0.044031 0.112893
0 0.915484 0.107087 0.052187 0.123678
0 0.864687 0.359236 0.035937 0.164917
0 0.482031 0.185950 0.964063 0.371901