0 0.160562 0.492167 0.042281 0.029208
0 0.163531 0.474260 0.036437 0.016063
0 0.227172 0.490240 0.041625 0.019479
0 0.307508 0.480125 0.032141 0.023042
0 0.341531 0.469708 0.019594 0.019792
0 0.386383 0.468885 0.027359 0.017229
0 0.363508 0.465042 0.019203 0.020292
0 0.027422 0.450198 0.029156 0.016646
0 0.051469 0.458437 0.031062 0.022417
0 0.259328 0.473750 0.046062 0.024667
0 0.422992 0.465073 0.023766 0.011312
0 0.276695 0.484052 0.049391 0.024854
0 0.066664 0.500458 0.040641 0.034500
0 0.497945 0.458969 0.022516 0.017229
0 0.474219 0.462500 0.945312 0.100000