0 0.206445 0.277471 0.118047 0.100187
0 0.734656 0.263349 0.104937 0.110117
0 0.336445 0.212155 0.097734 0.067119
0 0.503445 0.178981 0.125141 0.061429
0 0.559727 0.210632 0.091047 0.054988
0 0.635820 0.269262 0.102234 0.100070
0 0.681539 0.175597 0.134453 0.069555
0 0.775438 0.202529 0.079406 0.070492
0 0.863531 0.213162 0.067594 0.052365
2 0.238406 0.205796 0.129250 0.076979
2 0.666586 0.206112 0.094578 0.069789
2 0.073141 0.273642 0.129250 0.121429
2 0.970484 0.164239 0.059031 0.069274
0 0.127930 0.210984 0.113891 0.078080
0 0.942516 0.249742 0.082406 0.121358
0 0.321703 0.275422 0.115250 0.098712
0 0.535547 0.273197 0.109375 0.101756
0 0.500000 0.186183 0.996875 0.288056