0 0.366290 0.862120 0.187220 0.239333
0 0.801220 0.716560 0.107240 0.128587
0 0.602130 0.640413 0.060380 0.068027
1 0.430260 0.539813 0.052520 0.056587
0 0.532030 0.587987 0.037940 0.037360
0 0.033710 0.698720 0.066100 0.110720
0 0.230700 0.594560 0.055440 0.051467
0 0.683330 0.633333 0.048140 0.071627
0 0.970000 0.682480 0.060000 0.100107
0 0.556880 0.643867 0.040200 0.032587
0 0.567170 0.614627 0.031140 0.033893
0 0.626790 0.608707 0.028820 0.050693
0 0.560370 0.589373 0.017740 0.024880
0 0.586340 0.575933 0.036920 0.031333
0 0.718000 0.337333 0.560000 0.605333