0 0.565867 0.450354 0.330672 0.169708
0 0.896992 0.403021 0.115672 0.084458
0 0.770133 0.394917 0.139953 0.109500
0 0.443656 0.358000 0.100406 0.031708
0 0.517008 0.359458 0.046609 0.041708
0 0.283141 0.418542 0.222469 0.134833
0 0.660094 0.376594 0.104531 0.074854
0 0.404781 0.442302 0.178062 0.140729
0 0.958805 0.383385 0.082141 0.103563
0 0.888484 0.352719 0.046531 0.019021
0 0.168063 0.384667 0.207844 0.081583
0 0.577820 0.356938 0.101641 0.039417
0 0.171914 0.417323 0.186422 0.098979
2 0.344898 0.320281 0.124578 0.080979
0 0.467188 0.227083 0.931250 0.416667