0 0.470430 0.683736 0.072734 0.084306
0 0.968687 0.801778 0.057125 0.210111
0 0.248070 0.656083 0.047797 0.071278
0 0.079383 0.809097 0.158766 0.381806
0 0.135102 0.688972 0.092109 0.120444
2 0.658820 0.689000 0.084047 0.125111
0 0.596914 0.703528 0.111172 0.122333
0 0.797383 0.708569 0.137422 0.159528
0 0.322086 0.662528 0.044141 0.057056
0 0.293977 0.649028 0.031328 0.059667
0 0.147719 0.813722 0.077000 0.234611
0 0.724305 0.688889 0.056953 0.108667
0 0.353242 0.627431 0.016047 0.026083
0 0.427055 0.666903 0.053078 0.080639
0 0.400781 0.670833 0.592187 0.175000