0 0.601240 0.910065 0.051280 0.067296
0 0.480080 0.900326 0.036800 0.047036
0 0.653050 0.899381 0.020060 0.028990
0 0.692350 0.894137 0.010820 0.007622
0 0.753980 0.901466 0.028400 0.031596
0 0.843320 0.905635 0.034640 0.033876
2 0.368740 0.873779 0.095280 0.154202
2 0.548400 0.871515 0.044760 0.082964
2 0.678560 0.893697 0.017560 0.029805
2 0.886600 0.906059 0.040920 0.055179
2 0.753540 0.902866 0.031240 0.036091
2 0.810420 0.903388 0.033120 0.042215
2 0.600230 0.863290 0.033380 0.023713
2 0.649320 0.863713 0.021880 0.050293
0 0.728390 0.892720 0.008860 0.009609
0 0.775870 0.898583 0.016940 0.021531