1 0.170230 0.831907 0.333700 0.307867
1 0.517420 0.587080 0.148320 0.148293
2 0.911230 0.468067 0.049180 0.039600
0 0.700030 0.925840 0.126940 0.115733
0 0.582980 0.821320 0.098360 0.097627
0 0.318040 0.675227 0.089920 0.057920
0 0.315640 0.610747 0.093560 0.075360
0 0.183690 0.699933 0.111980 0.074160
0 0.406660 0.622387 0.074400 0.057040
0 0.497820 0.723333 0.078800 0.083200
0 0.520740 0.500880 0.059160 0.045387
0 0.447350 0.532213 0.057300 0.054613
2 0.821180 0.669813 0.051720 0.078773
0 0.061400 0.776187 0.122800 0.106080
2 0.504780 0.432013 0.048360 0.052667
0 0.799720 0.365800 0.021480 0.025627