0 0.842992 0.250023 0.147484 0.093911
0 0.601445 0.244227 0.151422 0.118431
0 0.742086 0.255281 0.099984 0.092810
0 0.346484 0.250047 0.127812 0.098126
2 0.646430 0.180902 0.181172 0.028829
2 0.709578 0.206136 0.101875 0.033770
0 0.930484 0.249344 0.139031 0.111194
0 0.274367 0.238290 0.042141 0.069696
0 0.410305 0.220738 0.036891 0.042974
0 0.280703 0.212295 0.047250 0.023513
0 0.484164 0.251148 0.127797 0.102576
0 0.132469 0.209836 0.037750 0.050070
2 0.825656 0.183080 0.124906 0.051780
0 0.789234 0.223150 0.066062 0.039508
2 0.079422 0.236089 0.131562 0.139297
2 0.206281 0.241159 0.129219 0.116089
0 0.585938 0.195550 0.603125 0.081967