0 0.483099 0.699172 0.102441 0.054906
0 0.467664 0.580961 0.053498 0.025984
0 0.644167 0.816609 0.182887 0.060156
0 0.542324 0.631875 0.069624 0.036531
0 0.754566 0.650859 0.083638 0.043750
0 0.835012 0.855148 0.087254 0.027109
1 0.735974 0.785203 0.136737 0.087500
1 0.398380 0.787641 0.337606 0.119094
0 0.688298 0.678047 0.077160 0.028687
0 0.547512 0.595430 0.048169 0.014641
0 0.055106 0.399070 0.007911 0.005859
1 0.250915 0.874937 0.164507 0.070500
2 0.741350 0.573313 0.067535 0.058156
2 0.737664 0.783148 0.138427 0.083141
2 0.745845 0.593688 0.049061 0.032937
2 0.809812 0.591898 0.067840 0.050672
2 0.139378 0.576750 0.030070 0.015375
0 0.263768 0.246422 0.018944 0.012250
1 0.586725 0.934930 0.253545 0.126922
1 0.144894 0.791102 0.184249 0.066578
1 0.899484 0.777250 0.201033 0.082875
0 0.045141 0.411773 0.019202 0.008578
2 0.551209 0.555367 0.048005 0.024609
0 0.728298 0.869117 0.154718 0.065484
2 0.840822 0.638906 0.065962 0.033250
2 0.038862 0.876156 0.077723 0.039094
2 0.428556 0.899977 0.300493 0.114859
0 0.498826 0.383594 0.997653 0.582812