0 0.497273 0.283480 0.217516 0.315441
0 0.258133 0.197194 0.162578 0.201348
0 0.353133 0.117414 0.159016 0.188750
0 0.566375 0.071581 0.048344 0.098897
0 0.832625 0.095797 0.051625 0.087966
2 0.101523 0.222721 0.203047 0.366373
0 0.701219 0.105404 0.034063 0.142475
0 0.573250 0.172635 0.060219 0.109436
0 0.842000 0.680000 0.316000 0.315294
0 0.488508 0.065245 0.116422 0.130490
0 0.882500 0.852941 0.235000 0.294118
0 0.251742 0.058137 0.089078 0.085980
0 0.162523 0.063150 0.030578 0.052525
2 0.495891 0.066287 0.123375 0.130172