0 0.915313 0.292927 0.169375 0.148271
0 0.766453 0.266219 0.100500 0.089021
0 0.691547 0.248698 0.091375 0.078229
0 0.153789 0.315906 0.231141 0.230354
0 0.874156 0.211406 0.125562 0.044604
0 0.253023 0.274469 0.101922 0.145812
0 0.315625 0.219083 0.044281 0.050375
0 0.585273 0.230115 0.035234 0.044062
0 0.627187 0.230448 0.070906 0.075438
0 0.832242 0.286333 0.100922 0.120333
0 0.366781 0.198438 0.064719 0.035167
0 0.468969 0.200906 0.040031 0.035146
0 0.332117 0.211302 0.037422 0.044521
0 0.468750 0.222917 0.559375 0.112500