0 0.382586 0.752125 0.711234 0.373042
0 0.599156 0.693260 0.433156 0.249438
0 0.199344 0.540802 0.155344 0.045854
0 0.266398 0.540031 0.077172 0.049438
0 0.325320 0.545625 0.124172 0.047958
0 0.733445 0.667229 0.265797 0.199583
0 0.596047 0.545948 0.049625 0.048438
0 0.016703 0.618708 0.033063 0.082542
0 0.740539 0.622833 0.235953 0.113125
0 0.797742 0.581500 0.139797 0.065417
0 0.838656 0.545760 0.057656 0.037687
0 0.082531 0.585135 0.165063 0.098563
0 0.176359 0.550156 0.104594 0.031646
2 0.123172 0.513583 0.128844 0.048000
0 0.471875 0.573958 0.746875 0.156250