0 0.523762 0.721141 0.281203 0.081250
0 0.736380 0.691672 0.107146 0.038062
0 0.839811 0.697383 0.096557 0.040453
0 0.524375 0.684859 0.062901 0.031969
0 0.590696 0.675273 0.033137 0.019141
0 0.645047 0.688805 0.032500 0.027328
2 0.206828 0.686414 0.405920 0.165828
0 0.603373 0.669070 0.016415 0.010078
0 0.986922 0.689570 0.026156 0.015859
1 0.474870 0.658164 0.032995 0.025141
1 0.344127 0.660289 0.116604 0.055047
0 0.901474 0.709891 0.085590 0.053281
0 0.537724 0.657914 0.022288 0.009797
1 0.440920 0.660000 0.030566 0.019437
0 0.974764 0.710047 0.050472 0.054187