0 0.396383 0.658271 0.082859 0.119600
0 0.663266 0.654647 0.128875 0.106282
0 0.954961 0.730847 0.090078 0.191482
0 0.824109 0.646118 0.120188 0.101176
0 0.905047 0.634141 0.072563 0.049412
0 0.600555 0.613012 0.043891 0.051859
0 0.136266 0.644553 0.083437 0.107553
0 0.013734 0.679024 0.027469 0.130376
0 0.067906 0.648282 0.081500 0.132424
0 0.954281 0.675318 0.088531 0.120988
0 0.289945 0.624647 0.077641 0.108212
0 0.543320 0.549129 0.022859 0.020376
0 0.621266 0.583035 0.049375 0.031576
0 0.507031 0.627059 0.832812 0.195294