0 0.680906 0.711499 0.137437 0.147354
0 0.532453 0.694075 0.144781 0.159625
0 0.394250 0.696276 0.130500 0.134754
0 0.266641 0.695691 0.165281 0.124169
0 0.123656 0.691663 0.167719 0.127869
0 0.794172 0.691159 0.132062 0.118431
0 0.633391 0.691909 0.075969 0.148080
1 0.685320 0.603958 0.056234 0.096674
1 0.630633 0.591054 0.015047 0.061358
1 0.238219 0.584333 0.043750 0.037705
0 0.026742 0.691054 0.053484 0.088618
0 0.943586 0.653548 0.112828 0.092576
0 0.091453 0.650597 0.087906 0.056557
1 0.742336 0.586300 0.034172 0.044778
0 0.033906 0.652073 0.063531 0.044754
0 0.462414 0.644274 0.033266 0.033044