0 0.434031 0.654962 0.336656 0.219121
0 0.633922 0.652739 0.137656 0.269899
0 0.035633 0.864472 0.071266 0.224724
0 0.183086 0.582450 0.099578 0.096307
0 0.316133 0.602274 0.360609 0.274447
0 0.167148 0.500289 0.098578 0.068568
0 0.040492 0.621432 0.080984 0.166935
0 0.017992 0.511595 0.035984 0.069221
0 0.365336 0.451369 0.114859 0.025553
0 0.590062 0.541143 0.050438 0.084698
0 0.650023 0.500226 0.037047 0.026935
0 0.247031 0.518229 0.113156 0.109171
0 0.053789 0.509196 0.060672 0.087236
0 0.335938 0.522613 0.665625 0.231156