0 0.803906 0.336427 0.070844 0.052521
0 0.706742 0.330438 0.065297 0.047000
0 0.622375 0.318229 0.070875 0.048000
0 0.303672 0.291594 0.019781 0.025271
0 0.344961 0.294896 0.032109 0.025083
0 0.412547 0.302552 0.046281 0.030021
0 0.467594 0.308229 0.054594 0.033292
0 0.583867 0.318875 0.053609 0.038083
0 0.661523 0.325688 0.066984 0.044667
0 0.749586 0.332917 0.068328 0.047208
0 0.552516 0.316812 0.058562 0.038208
0 0.375383 0.298177 0.048172 0.027104
0 0.938500 0.342146 0.074875 0.052667
0 0.500000 0.308333 0.996875 0.116667