0 0.665290 0.875284 0.238460 0.226963
1 0.253910 0.494383 0.210540 0.284173
1 0.403180 0.269667 0.209320 0.206741
0 0.538890 0.273185 0.100860 0.091753
2 0.424430 0.463086 0.198140 0.198914
2 0.213390 0.247654 0.128940 0.172642
0 0.767880 0.915210 0.249240 0.169580
0 0.913000 0.635432 0.174000 0.189630
0 0.329080 0.367198 0.102320 0.127778
0 0.126810 0.342198 0.088140 0.127358
0 0.094370 0.245062 0.101500 0.106667
0 0.111220 0.179012 0.077840 0.105975
0 0.146200 0.030753 0.064840 0.059284
0 0.260280 0.101852 0.091640 0.070025