1 0.516570 0.792135 0.342141 0.155063
0 0.076266 0.866469 0.151938 0.187979
2 0.079219 0.856740 0.148313 0.184271
2 0.943781 0.817135 0.030656 0.044271
2 0.777375 0.808698 0.050344 0.045812
0 0.728617 0.812385 0.050266 0.041271
0 0.882172 0.809937 0.096469 0.085750
0 0.817109 0.814240 0.036500 0.042937
0 0.158109 0.872969 0.032063 0.117688
0 0.993414 0.842396 0.012703 0.039667
0 0.992820 0.818406 0.014203 0.027896
0 0.980734 0.809177 0.038531 0.023813
0 0.704336 0.806729 0.035641 0.038458
0 0.798961 0.812063 0.020703 0.031333