0 0.773580 0.952078 0.107840 0.087590
0 0.402130 0.637982 0.043060 0.055301
0 0.577680 0.655813 0.059200 0.045060
1 0.796800 0.634834 0.382000 0.105633
0 0.204860 0.942199 0.108920 0.110904
0 0.326900 0.568358 0.018280 0.028404
0 0.342940 0.543946 0.021840 0.025361
0 0.060540 0.553901 0.031440 0.019970
1 0.369240 0.583599 0.039120 0.075512
1 0.401040 0.602907 0.052160 0.071536
2 0.208440 0.945151 0.104840 0.109699
0 0.368530 0.540602 0.030740 0.014157
0 0.111850 0.565964 0.024420 0.021265
0 0.546380 0.541416 0.032080 0.026506