1 0.665023 0.323384 0.122109 0.067892
0 0.735406 0.665164 0.289375 0.368548
0 0.245141 0.628841 0.391313 0.377541
0 0.067937 0.583700 0.135875 0.314052
2 0.431797 0.480902 0.203906 0.283162
2 0.279266 0.375515 0.189844 0.162365
2 0.568008 0.332600 0.053703 0.059953
2 0.489594 0.314204 0.047938 0.063536
0 0.559266 0.467986 0.075750 0.136909
0 0.735719 0.428326 0.059969 0.053372
0 0.204086 0.474110 0.163266 0.105878
0 0.755539 0.463946 0.133422 0.075714
0 0.519008 0.360258 0.017172 0.022014
0 0.727125 0.381323 0.041594 0.021897
0 0.547531 0.381803 0.043344 0.047635
0 0.649172 0.409649 0.022781 0.064543
0 0.656117 0.387073 0.037109 0.035925
1 0.530133 0.327646 0.070078 0.067377
0 0.547656 0.448478 0.423438 0.339578