0 0.639211 0.234711 0.041266 0.046088
0 0.728195 0.272488 0.092016 0.053773
0 0.703844 0.232812 0.036750 0.044838
0 0.764578 0.228495 0.038406 0.049954
0 0.033516 0.073333 0.056531 0.024815
0 0.869492 0.250949 0.092547 0.063380
0 0.046953 0.063345 0.044094 0.020440
0 0.518242 0.243889 0.044859 0.052269
0 0.076234 0.042130 0.036875 0.024028
0 0.079641 0.032292 0.041750 0.023796
0 0.980281 0.238194 0.038687 0.055648
2 0.060625 0.058229 0.039281 0.024931
2 0.075422 0.043588 0.039375 0.026528
2 0.103195 0.023449 0.035234 0.025370
2 0.137914 0.011748 0.030234 0.022199
2 0.153398 0.092396 0.025641 0.030347
0 0.125781 0.048611 0.070312 0.097222