0 0.761773 0.615584 0.011516 0.017804
0 0.775570 0.613049 0.016609 0.010491
0 0.803781 0.617500 0.011781 0.017477
0 0.789570 0.616005 0.012797 0.019065
0 0.743797 0.612453 0.013594 0.011963
0 0.731383 0.616507 0.009953 0.016238
0 0.661695 0.617325 0.009266 0.011846
0 0.716812 0.618633 0.012313 0.014930
0 0.253773 0.614077 0.019797 0.014790
0 0.704266 0.619836 0.011500 0.008598
0 0.492508 0.613096 0.015172 0.012780
0 0.687000 0.618353 0.011406 0.016706
0 0.592109 0.614498 0.020344 0.012921
0 0.704688 0.609813 0.034375 0.028037