0 0.157580 0.890404 0.293160 0.219192
0 0.327720 0.889416 0.149320 0.221168
0 0.420050 0.863249 0.116540 0.161707
0 0.826110 0.758278 0.024580 0.032066
0 0.583480 0.821048 0.076680 0.104012
0 0.617000 0.812500 0.035800 0.087275
0 0.622760 0.801168 0.060520 0.095030
0 0.462650 0.829626 0.130300 0.172844
0 0.546570 0.836587 0.063180 0.124671
0 0.649650 0.793847 0.059740 0.092186
0 0.684270 0.788802 0.035180 0.064970
0 0.710580 0.773353 0.052640 0.073952
0 0.677610 0.790988 0.020740 0.059042
0 0.770000 0.778443 0.172000 0.095808