1 0.823547 0.774232 0.097500 0.040390
1 0.680898 0.765585 0.052297 0.027087
0 0.721070 0.782179 0.051391 0.026376
0 0.645930 0.785115 0.053297 0.025596
0 0.663633 0.781124 0.036891 0.026009
2 0.136250 0.785516 0.035969 0.032683
0 0.527930 0.784071 0.012359 0.024151
0 0.476234 0.786399 0.038437 0.023028
0 0.286953 0.786674 0.040563 0.021101
0 0.327297 0.787110 0.023813 0.017936
0 0.043078 0.787202 0.033594 0.023486
0 0.254594 0.787890 0.051156 0.027798
0 0.306469 0.783555 0.025000 0.018853
0 0.209266 0.788911 0.031281 0.021170
0 0.178680 0.788349 0.033203 0.022982
2 0.370008 0.777087 0.062359 0.046743
0 0.526563 0.763761 0.943750 0.133028