0 0.403320 0.724200 0.171227 0.071000
2 0.056267 0.706510 0.085067 0.022300
0 0.183360 0.830460 0.290773 0.210840
0 0.926507 0.789460 0.145013 0.105200
0 0.136827 0.902980 0.273653 0.194040
0 0.840760 0.757160 0.068027 0.016760
0 0.890427 0.710930 0.177813 0.040260
0 0.519800 0.726990 0.124507 0.042540
0 0.760613 0.722410 0.106453 0.040820
0 0.348507 0.813460 0.091200 0.123600
0 0.273440 0.724370 0.207200 0.062100
0 0.600680 0.721850 0.118693 0.053020
0 0.696133 0.723740 0.102667 0.044440
0 0.879080 0.770080 0.241467 0.103840
0 0.498667 0.816000 0.997333 0.288000