0 0.971180 0.875479 0.041922 0.052083
0 0.449562 0.567781 0.022406 0.025896
0 0.466773 0.549583 0.009203 0.017042
0 0.478242 0.503865 0.020141 0.017896
0 0.482680 0.462552 0.012703 0.008813
0 0.486023 0.440510 0.010078 0.007771
0 0.487852 0.416594 0.010016 0.011312
0 0.765766 0.693677 0.052187 0.028479
2 0.793680 0.645344 0.104609 0.068562
2 0.669375 0.628010 0.123375 0.076604
0 0.965820 0.921740 0.038672 0.037188
0 0.941367 0.900833 0.043609 0.056167
0 0.514648 0.417990 0.009609 0.008146
0 0.437602 0.585260 0.022203 0.027771
0 0.482453 0.473677 0.012094 0.018521
2 0.540391 0.529052 0.050031 0.076938
0 0.660156 0.614583 0.392188 0.204167