0 0.565641 0.669305 0.133250 0.094672
0 0.931242 0.693133 0.137516 0.153641
0 0.914695 0.674875 0.155234 0.139344
0 0.124547 0.658812 0.091938 0.080812
2 0.727922 0.655922 0.081969 0.083250
0 0.829789 0.672922 0.070672 0.125969
0 0.213430 0.673383 0.050703 0.058797
0 0.458273 0.671188 0.068078 0.056719
0 0.737109 0.666836 0.059281 0.064859
0 0.066461 0.666359 0.106891 0.073531
0 0.138352 0.670195 0.042953 0.072016
0 0.297047 0.682867 0.048156 0.042203
0 0.795883 0.673813 0.044391 0.093063
0 0.422656 0.660937 0.845313 0.125000