0 0.061838 0.485437 0.123677 0.087969
0 0.133618 0.478172 0.079274 0.068094
0 0.231370 0.463531 0.062600 0.042344
0 0.303689 0.453695 0.025082 0.032703
0 0.321850 0.443430 0.057518 0.034609
0 0.664192 0.464367 0.120937 0.054391
0 0.452283 0.440625 0.039368 0.021781
0 0.572108 0.453094 0.040281 0.032375
0 0.610222 0.461156 0.041710 0.038969
0 0.173536 0.470172 0.094098 0.057688
0 0.382670 0.447164 0.049087 0.026984
0 0.543302 0.445328 0.029883 0.023125
0 0.309379 0.448625 0.036604 0.031906
0 0.326698 0.490625 0.648712 0.171875