0 0.299875 0.816124 0.166437 0.268829
0 0.375414 0.353571 0.077047 0.092201
0 0.434523 0.245574 0.054547 0.065995
0 0.347031 0.470375 0.098562 0.115176
0 0.183664 0.462916 0.103453 0.134824
0 0.251984 0.381112 0.077719 0.097354
0 0.077961 0.777518 0.155922 0.197752
0 0.242875 0.202541 0.053187 0.057400
0 0.397289 0.299801 0.066828 0.106066
1 0.643203 0.524590 0.212812 0.435785
1 0.524750 0.288770 0.128937 0.235948
1 0.676180 0.264485 0.107953 0.224707
2 0.296117 0.563536 0.126953 0.197705
0 0.297859 0.313372 0.076469 0.101733
2 0.041438 0.374789 0.080531 0.226909
2 0.348719 0.132963 0.064406 0.082272
2 0.626359 0.058571 0.049906 0.067166
2 0.905602 0.059754 0.057703 0.102084
0 0.349992 0.239204 0.062141 0.076206
2 0.501469 0.093419 0.078594 0.097283
2 0.979984 0.125867 0.040031 0.077354
0 0.470453 0.173185 0.048656 0.051663
0 0.264844 0.161593 0.045312 0.051522