1 0.572857 0.714109 0.447260 0.409562
1 0.435304 0.470313 0.231171 0.151656
0 0.094309 0.477961 0.101030 0.067422
0 0.258185 0.406609 0.068782 0.043625
0 0.183607 0.379875 0.065761 0.034875
0 0.203466 0.344844 0.050632 0.033187
0 0.173876 0.317516 0.035855 0.021406
0 0.354133 0.355695 0.071593 0.028984
0 0.181487 0.589656 0.134543 0.101406
0 0.088384 0.888289 0.176768 0.223422
0 0.239590 0.318313 0.038571 0.023844
0 0.316335 0.307273 0.033560 0.021797
0 0.121136 0.356672 0.055340 0.032188
1 0.561358 0.438539 0.092881 0.082016
1 0.516663 0.392531 0.081335 0.062938
2 0.035269 0.423172 0.070117 0.048656
0 0.347646 0.291937 0.036979 0.023938
2 0.659578 0.490438 0.164028 0.107781
2 0.479496 0.370875 0.073279 0.056375
0 0.243560 0.289844 0.046838 0.045312