0 0.573516 0.934824 0.083437 0.110399
0 0.455859 0.882242 0.067687 0.084437
0 0.565250 0.861479 0.070969 0.082160
0 0.605320 0.791303 0.113047 0.058192
2 0.288023 0.805317 0.142547 0.088568
2 0.783000 0.732300 0.094500 0.050329
0 0.363133 0.772007 0.098516 0.050822
0 0.733750 0.969413 0.092406 0.032958
0 0.362602 0.672653 0.027391 0.023286
0 0.416031 0.693545 0.030156 0.038404
0 0.290336 0.955833 0.086328 0.088333
0 0.940570 0.802606 0.103391 0.052864
0 0.844570 0.781796 0.094703 0.068052
0 0.603352 0.717664 0.045203 0.037958
0 0.449219 0.755869 0.898438 0.483568