0 0.484555 0.522479 0.814047 0.429208
0 0.909352 0.266792 0.068922 0.027167
0 0.754289 0.323375 0.299797 0.140750
0 0.559352 0.280000 0.084016 0.038042
0 0.546047 0.274323 0.083031 0.055354
0 0.511578 0.264354 0.033500 0.029208
0 0.047977 0.254354 0.095016 0.060542
0 0.916008 0.290667 0.042016 0.018792
0 0.838734 0.386302 0.317844 0.173854
0 0.612500 0.288542 0.143750 0.060417
0 0.569602 0.268771 0.080047 0.022917
0 0.438852 0.273062 0.135297 0.095792
0 0.209070 0.237990 0.035922 0.032646
0 0.520313 0.256250 0.956250 0.104167