2 0.301008 0.638934 0.107328 0.147002
0 0.013492 0.490316 0.026984 0.045972
0 0.126695 0.453876 0.032234 0.029204
0 0.691727 0.528899 0.042391 0.054145
2 0.351078 0.384262 0.026500 0.078923
2 0.069734 0.441429 0.063187 0.097330
2 0.904750 0.394052 0.063906 0.087447
0 0.104703 0.460035 0.022469 0.031874
0 0.418125 0.377717 0.020906 0.029063
0 0.431250 0.367740 0.006594 0.023443
2 0.455711 0.394122 0.330703 0.443091
2 0.202234 0.413009 0.047188 0.065597
2 0.498242 0.342037 0.032203 0.050632
0 0.034937 0.466288 0.056031 0.080913