0 0.659055 0.407986 0.179172 0.213162
0 0.843359 0.610363 0.313281 0.522506
0 0.719094 0.345843 0.114094 0.105831
0 0.738727 0.319215 0.118578 0.125082
0 0.276859 0.469403 0.239531 0.208548
0 0.802406 0.312588 0.064594 0.120164
0 0.851078 0.289848 0.052094 0.096464
0 0.886844 0.260890 0.050625 0.071991
0 0.253242 0.560094 0.107547 0.169742
0 0.794617 0.317681 0.046203 0.113349
0 0.264406 0.877775 0.528813 0.219766
2 0.120258 0.506171 0.240516 0.345691
0 0.815180 0.305141 0.056891 0.118103
0 0.850781 0.292740 0.067187 0.112412