1 0.470813 0.682541 0.079563 0.084473
0 0.338844 0.740445 0.146937 0.101124
0 0.827609 0.846077 0.206906 0.249438
0 0.677273 0.788946 0.045453 0.104075
0 0.668914 0.781159 0.052859 0.092201
0 0.719766 0.791897 0.088375 0.145808
0 0.594672 0.714625 0.036531 0.055714
0 0.549234 0.729227 0.069500 0.063794
0 0.089563 0.747646 0.072688 0.063817
0 0.660594 0.755550 0.075781 0.103700
0 0.637766 0.723595 0.023062 0.037026
0 0.268687 0.709098 0.028937 0.030749
0 0.027352 0.745164 0.054703 0.098759
0 0.195438 0.727084 0.046062 0.050047
1 0.532695 0.673630 0.040734 0.057143