0 0.278596 0.326266 0.075058 0.035437
0 0.288411 0.289422 0.054965 0.031000
0 0.295696 0.259086 0.050650 0.030109
0 0.083770 0.268633 0.051995 0.024453
0 0.045928 0.285656 0.048237 0.031688
0 0.129408 0.249297 0.044524 0.022969
0 0.152506 0.227508 0.039443 0.020516
0 0.304188 0.265461 0.049258 0.024734
0 0.269176 0.298867 0.059234 0.032078
0 0.049095 0.246352 0.042645 0.023141
0 0.160998 0.222867 0.034478 0.019141
0 0.388051 0.226375 0.039768 0.016969
0 0.460104 0.225852 0.047819 0.020203
0 0.308585 0.235937 0.064965 0.050000