0 0.617531 0.249375 0.109875 0.047750
0 0.707828 0.227625 0.086406 0.061208
0 0.041492 0.237417 0.044172 0.057500
0 0.122570 0.274604 0.070578 0.038667
0 0.230164 0.254000 0.145984 0.045000
0 0.021070 0.176240 0.029047 0.027104
0 0.150602 0.165844 0.046953 0.030771
2 0.576141 0.454260 0.443031 0.322687
2 0.369547 0.225604 0.204687 0.114375
0 0.519016 0.133615 0.028375 0.022604
2 0.458336 0.267021 0.210391 0.117833
2 0.277266 0.121792 0.068906 0.058208
2 0.127586 0.130365 0.069391 0.049271
2 0.465969 0.125333 0.030656 0.043417
0 0.023547 0.300802 0.047094 0.093646
0 0.453437 0.135458 0.024875 0.023708
0 0.243750 0.205406 0.066719 0.059479
2 0.116148 0.236948 0.121047 0.114479
2 0.580758 0.122906 0.052547 0.045521
0 0.446242 0.167677 0.081641 0.038271
0 0.508594 0.148958 0.932813 0.085417