0 0.758641 0.697061 0.059969 0.029204
0 0.827945 0.694485 0.063266 0.027049
0 0.892078 0.697061 0.065969 0.029204
2 0.074773 0.690047 0.024297 0.013162
2 0.763133 0.696429 0.064266 0.030187
2 0.481242 0.702319 0.050703 0.022717
2 0.670070 0.698735 0.060516 0.028431
2 0.537070 0.702377 0.050453 0.030562
0 0.536563 0.702752 0.048219 0.031499
0 0.481617 0.702939 0.048141 0.024848
0 0.440945 0.704145 0.035922 0.021311
0 0.389094 0.699625 0.471687 0.029180
0 0.676195 0.699649 0.059234 0.029742
2 0.398172 0.701639 0.036687 0.026370