0 0.201413 0.702010 0.091200 0.045180
0 0.282093 0.700120 0.065040 0.032960
0 0.378440 0.701980 0.091707 0.043920
0 0.049960 0.705250 0.048667 0.052500
0 0.526547 0.693630 0.074320 0.053420
0 0.962933 0.693760 0.064213 0.039520
0 0.455493 0.694430 0.073707 0.032740
0 0.497093 0.686580 0.025653 0.020640
0 0.904733 0.695430 0.029680 0.040260
0 0.768493 0.699850 0.039920 0.048100
0 0.402160 0.679860 0.101653 0.019120
0 0.322227 0.684920 0.049787 0.015320
0 0.007240 0.681970 0.013040 0.022460
0 0.533333 0.695000 0.736000 0.082000