0 0.173852 0.392208 0.029828 0.023027
0 0.158891 0.385931 0.035375 0.025261
0 0.138852 0.370124 0.034922 0.026799
0 0.093172 0.331017 0.030750 0.021737
2 0.019773 0.272270 0.031078 0.021315
2 0.109266 0.344529 0.033250 0.021017
2 0.199102 0.471985 0.029609 0.048189
2 0.122945 0.354442 0.036766 0.025211
2 0.056141 0.301328 0.031156 0.017246
0 0.043789 0.291092 0.023547 0.020149
0 0.126984 0.361141 0.029094 0.016328
0 0.101695 0.338635 0.026047 0.017717
0 0.059773 0.309566 0.030359 0.020571
0 0.077813 0.326799 0.010000 0.015236
0 0.074398 0.318387 0.039891 0.020298
0 0.392969 0.275434 0.773438 0.466501