0 0.842594 0.879555 0.096875 0.093583
0 0.084711 0.909426 0.136422 0.152810
0 0.738859 0.881241 0.047125 0.066745
0 0.171508 0.903384 0.049266 0.088361
0 0.340391 0.871511 0.037062 0.053513
0 0.377734 0.870972 0.056969 0.058244
0 0.263883 0.865269 0.035141 0.044684
0 0.196055 0.877026 0.034797 0.066089
0 0.486656 0.857658 0.037687 0.040000
0 0.611555 0.863981 0.039266 0.058735
0 0.297609 0.850632 0.024813 0.028056
0 0.684500 0.873384 0.029156 0.074965
0 0.640695 0.874953 0.027328 0.042927
1 0.399578 0.831054 0.113031 0.026885
0 0.407031 0.907494 0.810937 0.180328