0 0.746086 0.681818 0.099109 0.110629
0 0.593500 0.568479 0.068031 0.053252
0 0.563961 0.546573 0.044453 0.049510
0 0.768625 0.522325 0.045062 0.032413
0 0.766609 0.510769 0.037656 0.021469
0 0.375898 0.847517 0.244984 0.228252
0 0.923281 0.526696 0.046750 0.031434
0 0.886055 0.515140 0.022484 0.031189
0 0.338547 0.496976 0.027281 0.049196
0 0.872867 0.507797 0.020891 0.025315
2 0.751141 0.485455 0.031781 0.023566
2 0.593688 0.568409 0.070219 0.052063
2 0.391977 0.461486 0.023234 0.044231
2 0.373562 0.842448 0.242062 0.260420