0 0.946008 0.538333 0.107984 0.074879
0 0.552211 0.541304 0.126922 0.082802
0 0.192086 0.542488 0.109828 0.071208
0 0.242758 0.485411 0.065547 0.052754
0 0.756086 0.509819 0.169828 0.062633
0 0.154828 0.495616 0.033969 0.036546
0 0.283656 0.534251 0.044531 0.068309
0 0.223062 0.466969 0.089969 0.059300
0 0.554266 0.469227 0.066125 0.024444
2 0.587992 0.452911 0.059047 0.046498
0 0.609344 0.469758 0.039062 0.059469
1 0.712867 0.450930 0.078578 0.053841
2 0.963164 0.565157 0.073672 0.080411
2 0.752727 0.537657 0.168016 0.109082
0 0.414062 0.463768 0.706250 0.091787