1 0.315750 0.593115 0.164219 0.248312
1 0.633648 0.337521 0.079516 0.095708
2 0.550672 0.430542 0.066812 0.098625
2 0.926531 0.658219 0.127969 0.144187
2 0.811703 0.541396 0.093969 0.105083
0 0.096930 0.881021 0.148578 0.161917
1 0.640867 0.279760 0.059391 0.045729
1 0.694141 0.314896 0.052406 0.078458
1 0.546609 0.233313 0.028687 0.021208
1 0.541602 0.340354 0.055328 0.067917
1 0.614039 0.407010 0.080578 0.128229
0 0.074516 0.938104 0.148938 0.123792
0 0.158523 0.688750 0.122266 0.187250
0 0.084516 0.612667 0.083187 0.100542
0 0.334266 0.768615 0.111187 0.131771
0 0.127609 0.539823 0.077625 0.072354
0 0.220164 0.509563 0.061641 0.048042
0 0.200570 0.467365 0.070203 0.079354
0 0.267680 0.406198 0.037484 0.041979
0 0.646586 0.730021 0.107172 0.118042
0 0.684227 0.880594 0.140297 0.172687
0 0.950000 0.964198 0.100000 0.041979
2 0.803250 0.640833 0.114469 0.118875
2 0.601594 0.403240 0.108875 0.125688
0 0.089484 0.787958 0.142469 0.148625
2 0.312602 0.336177 0.053859 0.063104
2 0.348523 0.299052 0.025984 0.031354
2 0.869930 0.863448 0.160547 0.199896
0 0.500000 0.641667 0.993750 0.712500