1 0.611570 0.540031 0.197797 0.268229
1 0.382586 0.478656 0.192141 0.242688
1 0.269758 0.452188 0.198703 0.246875
2 0.895180 0.342146 0.209641 0.287000
2 0.787758 0.312531 0.238422 0.278771
2 0.984414 0.435000 0.031172 0.158708
0 0.483570 0.776125 0.097734 0.089917
0 0.192328 0.685708 0.115594 0.091417
0 0.120016 0.666396 0.123562 0.096250
0 0.256742 0.715927 0.108609 0.087479
0 0.351313 0.732823 0.099781 0.084563
0 0.413711 0.755458 0.094484 0.087375
0 0.543516 0.795094 0.102875 0.097312
0 0.825141 0.886240 0.105313 0.100521
0 0.683898 0.842115 0.090766 0.100646
0 0.751250 0.861833 0.101781 0.101625
0 0.561109 0.262958 0.070375 0.076542
0 0.615875 0.821104 0.082063 0.085542
0 0.064367 0.627073 0.089266 0.097479
0 0.499219 0.510417 0.998437 0.975000