0 0.558359 0.092847 0.036906 0.029028
0 0.333672 0.181944 0.031406 0.030556
0 0.803613 0.020306 0.028867 0.028000
0 0.369750 0.157417 0.031000 0.028167
0 0.382812 0.142674 0.034359 0.027958
0 0.399508 0.131542 0.031328 0.024472
0 0.446160 0.094812 0.030086 0.025736
0 0.790691 0.029215 0.031352 0.019431
0 0.465621 0.084201 0.027320 0.021986
0 0.484031 0.071826 0.024328 0.020847
0 0.562004 0.164632 0.041977 0.033958
0 0.398004 0.211319 0.043992 0.038889
0 0.588520 0.136160 0.039898 0.031625
0 0.481281 0.152312 0.040453 0.037292
0 0.506473 0.137160 0.037273 0.034292
0 0.522863 0.118847 0.042711 0.036972
0 0.542250 0.108861 0.035406 0.028306
0 0.575594 0.078722 0.031656 0.030639
0 0.443164 0.153972 0.035031 0.028639
0 0.495609 0.109687 0.029406 0.022653
0 0.188477 0.926319 0.043828 0.136250
0 0.248016 0.850583 0.045687 0.162556
0 0.787664 0.039243 0.025797 0.024542
0 0.492883 0.059799 0.030328 0.027319
0 0.529133 0.082993 0.025797 0.019042
0 0.473617 0.126910 0.033859 0.025986
0 0.574688 0.149778 0.046125 0.033611
0 0.596672 0.114076 0.030750 0.028292
0 0.619059 0.095118 0.030211 0.030736
0 0.476910 0.196771 0.046930 0.039375
0 0.516695 0.184306 0.046125 0.033611
0 0.419996 0.167521 0.034523 0.037458
0 0.772859 0.043181 0.036234 0.026083
0 0.747816 0.052889 0.026383 0.034417
0 0.788555 0.102563 0.028250 0.034403
0 0.705023 0.125062 0.038656 0.039958
0 0.649059 0.201847 0.049195 0.070778
0 0.609086 0.211340 0.041109 0.055236
0 0.652137 0.164722 0.037867 0.042583
0 0.413297 0.119222 0.031047 0.026778
0 0.430156 0.105243 0.030141 0.027569
0 0.519168 0.050694 0.022055 0.021583
0 0.138156 0.950424 0.030766 0.074569
0 0.206672 0.354618 0.032625 0.046486
0 0.172102 0.275396 0.020453 0.029569
0 0.155988 0.269653 0.020008 0.028417
0 0.140141 0.266660 0.015734 0.024819
0 0.128227 0.260264 0.015734 0.026417
0 0.114965 0.257868 0.017086 0.024819
0 0.987168 0.725389 0.025664 0.106389
