0 0.535930 0.666063 0.046531 0.064486
0 0.119008 0.607743 0.027484 0.045236
0 0.091871 0.605868 0.028195 0.041486
0 0.024551 0.699847 0.047227 0.061528
0 0.062262 0.662264 0.033836 0.051500
0 0.058387 0.612757 0.026086 0.042736
0 0.032305 0.616521 0.026078 0.045236
0 0.008930 0.617771 0.017859 0.057764
0 0.035832 0.650326 0.034539 0.040181
0 0.688133 0.619806 0.041797 0.042056
0 0.590344 0.635222 0.032328 0.039250
0 0.615973 0.623306 0.031539 0.035056
0 0.537508 0.619104 0.043375 0.043458
0 0.574176 0.600875 0.039430 0.043472
0 0.608090 0.582653 0.044164 0.032250
0 0.632930 0.584722 0.041797 0.036389
0 0.756344 0.537792 0.036281 0.026639
0 0.775809 0.527438 0.033086 0.024764
0 0.804441 0.538278 0.036227 0.032694
0 0.852105 0.556340 0.021289 0.025792
0 0.785590 0.549042 0.029508 0.028361
0 0.754148 0.567521 0.035312 0.029236
0 0.763844 0.562354 0.032375 0.030958
1 0.713758 0.549889 0.048375 0.042139
1 0.712793 0.579556 0.053211 0.055028
0 0.637813 0.615674 0.035797 0.030958
0 0.653293 0.606646 0.037727 0.033542
0 0.664902 0.569236 0.029023 0.027528
0 0.303906 0.862500 0.114062 0.105556
2 0.476953 0.647917 0.075781 0.118056
0 0.037109 0.914583 0.074219 0.109722
0 0.431641 0.688194 0.057031 0.068056
2 0.313672 0.667361 0.077344 0.140278
2 0.377344 0.678472 0.056250 0.109722
0 0.051172 0.720139 0.052344 0.068056
0 0.017188 0.961806 0.034375 0.076389
0 0.090625 0.673611 0.042188 0.063889
1 0.224609 0.709028 0.064844 0.143056
0 0.145574 0.602972 0.022867 0.042056
0 0.363621 0.549000 0.039430 0.032250
0 0.404234 0.539194 0.040219 0.023833
0 0.444848 0.534285 0.033117 0.025236
0 0.493344 0.528674 0.037063 0.022431
0 0.536723 0.524465 0.026023 0.025236
2 0.509121 0.565826 0.051258 0.046264
0 0.590738 0.543389 0.025242 0.029444
0 0.609664 0.539889 0.018922 0.028028
0 0.625043 0.534285 0.021289 0.028042
0 0.641605 0.533583 0.021289 0.026639
0 0.562742 0.649236 0.038641 0.050472
0 0.638055 0.645743 0.048891 0.049069
0 0.684977 0.564076 0.027578 0.024069
