0 0.266651 0.190463 0.042292 0.035093
0 0.350534 0.140338 0.040880 0.035083
0 0.378023 0.145977 0.038068 0.033843
0 0.317052 0.127806 0.043000 0.030074
0 0.298724 0.123417 0.044406 0.033833
0 0.278987 0.119662 0.031724 0.031324
0 0.200745 0.068912 0.027490 0.025065
0 0.177130 0.281315 0.042292 0.056389
0 0.150698 0.211139 0.035948 0.043852
0 0.126378 0.191093 0.031016 0.041352
0 0.098536 0.219912 0.034542 0.043861
0 0.068224 0.195477 0.031719 0.050120
0 0.100651 0.174801 0.027490 0.038843
0 0.124969 0.132815 0.025375 0.030074
0 0.103820 0.122792 0.022557 0.027565
0 0.050956 0.184199 0.018328 0.040102
0 0.080208 0.164148 0.021854 0.035093
0 0.061531 0.153495 0.021146 0.028824
0 0.795312 0.166204 0.038542 0.043519
0 0.273958 0.225926 0.050000 0.048148
0 0.863542 0.133796 0.033333 0.036111
0 0.129688 0.243981 0.038542 0.049074
0 0.190885 0.189815 0.035937 0.040741
2 0.687500 0.175463 0.066667 0.091667
0 0.748177 0.197130 0.046354 0.046481
0 0.394245 0.150000 0.053177 0.042593
0 0.186198 0.232870 0.039062 0.052778
0 0.747385 0.166653 0.040885 0.035083
0 0.855232 0.166653 0.035245 0.037602
0 0.834792 0.150991 0.033833 0.033833
0 0.946516 0.095852 0.023260 0.033833
0 0.963078 0.087079 0.016917 0.031324
0 0.983169 0.080190 0.020443 0.025065
0 0.965898 0.062644 0.023964 0.027565
0 0.421875 0.258796 0.072917 0.060185
0 0.402604 0.299074 0.068750 0.055556
0 0.248958 0.277315 0.041667 0.062037
0 0.375000 0.327315 0.055208 0.054630
0 0.898958 0.121296 0.031250 0.037037
0 0.832812 0.190278 0.037500 0.045370
0 0.783073 0.212500 0.045312 0.050926
0 0.234375 0.340741 0.041667 0.074074
0 0.358073 0.359259 0.060937 0.079630
0 0.564323 0.329630 0.070312 0.075926
0 0.689844 0.273611 0.058854 0.063889
0 0.920312 0.106944 0.030208 0.034259
