0 0.939341 0.302769 0.041589 0.063907
0 0.674094 0.223634 0.066260 0.059028
0 0.561664 0.235542 0.071193 0.055269
0 0.628625 0.214236 0.043000 0.050250
0 0.600784 0.202958 0.039474 0.045231
0 0.942302 0.271255 0.051458 0.036472
0 0.966620 0.256843 0.042292 0.032704
0 0.981773 0.246194 0.033130 0.033963
0 0.294271 0.812963 0.258333 0.290741
0 0.809375 0.850463 0.182292 0.293519
0 0.551302 0.597222 0.161979 0.187037
0 0.685677 0.495370 0.129688 0.144444
0 0.950260 0.617593 0.091146 0.177778
0 0.796875 0.413426 0.101042 0.125000
0 0.720313 0.284722 0.088542 0.080556
0 0.859375 0.369444 0.058333 0.098148
0 0.913281 0.325926 0.041146 0.059259
