0 0.171398 0.225354 0.031766 0.034181
0 0.164711 0.140785 0.021031 0.031153
0 0.040496 0.263986 0.036273 0.037750
0 0.042422 0.273125 0.038453 0.034333
0 0.051613 0.285014 0.053492 0.046222
0 0.292969 0.654167 0.129688 0.133333
0 0.344531 0.427778 0.068750 0.094444
0 0.908203 0.403472 0.067969 0.081944
0 0.893750 0.735417 0.118750 0.145833
0 0.103516 0.893750 0.064844 0.120833
0 0.987500 0.514583 0.025000 0.090278
0 0.236328 0.223611 0.036719 0.047222
0 0.989453 0.400694 0.021094 0.056944
0 0.331250 0.205556 0.037500 0.055556
0 0.057422 0.293750 0.050781 0.081944
0 0.981250 0.664583 0.037500 0.106944
0 0.362109 0.256944 0.035156 0.072222
0 0.189844 0.242361 0.043750 0.054167
0 0.204687 0.202083 0.039062 0.051389
0 0.116582 0.171236 0.018055 0.028528
0 0.137309 0.182521 0.020727 0.027347
0 0.160715 0.187285 0.022070 0.027347
0 0.184785 0.196194 0.024742 0.033278
0 0.158023 0.217924 0.030094 0.034181
0 0.062313 0.307604 0.039281 0.050069
0 0.953750 0.195306 0.027156 0.059194
0 0.622973 0.069903 0.040305 0.035833
0 0.666348 0.036417 0.041180 0.040500
1 0.151129 0.020063 0.020148 0.026486
0 0.140613 0.077694 0.013148 0.017139
