0 0.882062 0.181681 0.035219 0.062778
0 0.737191 0.207375 0.071195 0.074056
0 0.545816 0.246222 0.108555 0.086583
0 0.295934 0.463639 0.138867 0.153000
0 0.177164 0.103993 0.062031 0.090347
0 0.188051 0.055806 0.033195 0.036333
0 0.303687 0.028799 0.048641 0.042736
0 0.261750 0.025667 0.038062 0.041472
0 0.122852 0.097097 0.035312 0.046500
0 0.092578 0.092125 0.025375 0.038806
0 0.346301 0.193583 0.074789 0.084083
0 0.241312 0.149729 0.053562 0.074069
0 0.762570 0.070153 0.035953 0.052750
0 0.800633 0.053861 0.037359 0.047750
0 0.824602 0.075799 0.037359 0.043986
