0 0.500375 0.010632 0.043000 0.021264
0 0.371379 0.013139 0.028898 0.026278
0 0.383328 0.025653 0.027563 0.033833
0 0.368879 0.092062 0.033898 0.056403
0 0.017047 0.619632 0.034094 0.061403
0 0.831637 0.211736 0.051523 0.047611
2 0.833984 0.261111 0.088281 0.102778
0 0.814453 0.184028 0.053906 0.051389
0 0.870313 0.175000 0.050000 0.047222
0 0.308203 0.040278 0.025781 0.038889
0 0.920312 0.162500 0.040625 0.044444
0 0.935156 0.185417 0.043750 0.054167
0 0.032422 0.692292 0.064844 0.098750
0 0.888672 0.204167 0.047656 0.058333
0 0.475000 0.111806 0.046875 0.054167
0 0.397266 0.076389 0.039844 0.044444
0 0.948047 0.230556 0.052344 0.072222
0 0.505469 0.139583 0.045312 0.073611
0 0.438672 0.069444 0.041406 0.058333
0 0.308984 0.373611 0.096094 0.108333
0 0.178125 0.555556 0.115625 0.111111
0 0.214453 0.621528 0.119531 0.112500
0 0.568750 0.468056 0.109375 0.113889
