0 0.953207 0.016896 0.008523 0.018931
0 0.834117 0.080243 0.023969 0.035097
1 0.866187 0.057056 0.048641 0.063917
1 0.900023 0.028861 0.028906 0.052639
0 0.834469 0.046410 0.019031 0.025069
0 0.176457 0.076479 0.039477 0.050125
0 0.109141 0.030118 0.023266 0.037597
0 0.095039 0.009417 0.019031 0.018833
0 0.056273 0.034438 0.035953 0.046486
0 0.050988 0.025042 0.033836 0.040222
0 0.812969 0.057687 0.026781 0.035097
0 0.920113 0.022535 0.014102 0.025181
0 0.938402 0.025042 0.011352 0.017667
0 0.792879 0.068958 0.028898 0.032583
0 0.813391 0.096563 0.032047 0.042014
0 0.763805 0.084667 0.040375 0.044889
0 0.784375 0.110771 0.037937 0.046514
0 0.147656 0.097917 0.035937 0.054167
0 0.773828 0.837500 0.089844 0.150000
0 0.721484 0.104167 0.039844 0.044444
0 0.119531 0.078472 0.029687 0.070833
0 0.756250 0.134722 0.039062 0.050000
0 0.010937 0.659722 0.021875 0.094444
0 0.208984 0.113889 0.044531 0.075000
0 0.716016 0.162500 0.049219 0.063889
0 0.680078 0.131250 0.049219 0.056944
0 0.171875 0.142361 0.045312 0.073611
0 0.660937 0.587500 0.062500 0.141667
0 0.108203 0.961806 0.116406 0.073611
