0 0.772465 0.271264 0.027492 0.023806
0 0.376668 0.482417 0.035242 0.042611
0 0.470383 0.481785 0.045188 0.041347
0 0.486242 0.464243 0.036016 0.033847
0 0.502102 0.444819 0.039547 0.037583
0 0.517258 0.424139 0.038844 0.043861
0 0.526070 0.407222 0.039547 0.032583
0 0.552500 0.370257 0.034609 0.026319
0 0.563074 0.353965 0.033195 0.026319
2 0.584223 0.337674 0.044477 0.048875
0 0.661441 0.352090 0.039477 0.030069
0 0.663523 0.329535 0.035312 0.017542
0 0.686816 0.314493 0.021148 0.037597
0 0.767879 0.331410 0.016914 0.031319
0 0.787266 0.333292 0.016219 0.030083
0 0.826387 0.517500 0.046523 0.032583
0 0.835902 0.496194 0.042992 0.042611
0 0.843305 0.474896 0.042297 0.037597
0 0.851762 0.454840 0.038070 0.027569
0 0.466855 0.501208 0.012758 0.025056
0 0.853523 0.435417 0.037359 0.021306
0 0.535270 0.293819 0.026789 0.036333
1 0.612805 0.221132 0.038063 0.051375
1 0.605016 0.190438 0.035312 0.040097
0 0.729113 0.263743 0.029602 0.023819
0 0.751133 0.736736 0.054922 0.061250
2 0.127773 0.902917 0.063359 0.130833
0 0.655539 0.520917 0.051734 0.045167
2 0.434648 0.509028 0.056797 0.068056
0 0.771437 0.677569 0.060391 0.054028
0 0.736523 0.764854 0.082266 0.105292
0 0.799414 0.610701 0.053203 0.047208
0 0.874219 0.397917 0.023438 0.037500
0 0.730859 0.388889 0.039844 0.036111
0 0.820664 0.545000 0.050859 0.040000
0 0.666379 0.503715 0.052164 0.042597
0 0.813008 0.574583 0.052734 0.049167
1 0.620313 0.591667 0.079687 0.083333
0 0.105469 0.802083 0.050000 0.065278
0 0.457031 0.829861 0.070312 0.068056
0 0.529687 0.538194 0.043750 0.054167
0 0.640234 0.691667 0.049219 0.066667
0 0.454688 0.372222 0.032813 0.038889
0 0.689844 0.463194 0.048438 0.045833
0 0.787305 0.643681 0.054922 0.049306
0 0.645273 0.547708 0.051797 0.053750
