0 0.133203 0.598611 0.114844 0.144444
0 0.212500 0.493750 0.075000 0.112500
0 0.383203 0.351389 0.053906 0.083333
0 0.113281 0.703472 0.118750 0.118056
0 0.063672 0.819444 0.127344 0.150000
0 0.433594 0.229861 0.060937 0.056944
0 0.539844 0.179861 0.034375 0.048611
0 0.437617 0.197347 0.043000 0.038972
0 0.414707 0.166646 0.060617 0.047736
0 0.436910 0.150979 0.045820 0.036458
0 0.445723 0.144090 0.050758 0.040236
0 0.455945 0.132812 0.054281 0.035208
0 0.470359 0.124667 0.040953 0.031444
0 0.481672 0.111507 0.045109 0.030208
0 0.491191 0.101486 0.041586 0.030194
0 0.501727 0.092708 0.028969 0.027694
0 0.499613 0.083312 0.048711 0.031458
