0 0.923607 0.311389 0.032422 0.046370
0 0.904687 0.331019 0.054167 0.080556
0 0.974711 0.249986 0.035953 0.038843
0 0.960612 0.259384 0.038766 0.047620
0 0.606406 0.202366 0.054979 0.043861
0 0.702604 0.287963 0.085417 0.064815
0 0.771615 0.962500 0.136979 0.069444
0 0.601823 0.247685 0.068229 0.052778
0 0.944753 0.302616 0.032422 0.043861
0 0.441146 0.668981 0.220833 0.258333
0 0.747396 0.459259 0.108333 0.140741
0 0.150260 0.862037 0.300521 0.270370
0 0.940104 0.618981 0.094792 0.187963
0 0.980469 0.521759 0.038021 0.082407
0 0.832812 0.390741 0.067708 0.087037
0 0.933474 0.273171 0.038062 0.040102
0 0.643414 0.211764 0.051453 0.055139
0 0.951096 0.271917 0.042297 0.047611
0 0.681477 0.226176 0.050047 0.053889
0 0.719539 0.238083 0.050047 0.042611
0 0.757607 0.248106 0.054276 0.065157
0 0.857552 0.829630 0.165104 0.300000
0 0.538385 0.222421 0.044406 0.058898
0 0.554247 0.186704 0.043703 0.040093
0 0.626302 0.536111 0.160938 0.188889
