0 0.473536 0.469287 0.019031 0.048870
0 0.390711 0.470542 0.023964 0.058898
0 0.349125 0.477431 0.025375 0.057639
0 0.304716 0.482444 0.022557 0.060148
0 0.171492 0.456125 0.028193 0.050120
0 0.164443 0.709889 0.042292 0.068926
0 0.114635 0.432963 0.044896 0.052593
0 0.762760 0.496759 0.039062 0.058333
0 0.728646 0.499537 0.033333 0.056481
0 0.801042 0.505556 0.034375 0.057407
0 0.476823 0.655556 0.034896 0.098148
0 0.207552 0.481019 0.030729 0.052778
0 0.694531 0.505093 0.024479 0.056481
0 0.433594 0.761574 0.031771 0.089815
0 0.427083 0.637963 0.037500 0.090741
0 0.857346 0.505000 0.036651 0.060148
0 0.827742 0.499986 0.032422 0.050120
0 0.374479 0.755556 0.041667 0.107407
0 0.326042 0.731019 0.038542 0.078704
0 0.348958 0.636574 0.033333 0.078704
0 0.384115 0.635648 0.034896 0.089815
0 0.660682 0.498106 0.033833 0.053880
0 0.308594 0.629630 0.034896 0.085185
0 0.235156 0.631481 0.035937 0.072222
0 0.970482 0.662269 0.041589 0.048870
0 0.965193 0.614648 0.038062 0.041352
0 0.881312 0.494972 0.032427 0.050130
