0 0.760809 0.940132 0.090367 0.119736
2 0.905988 0.548389 0.073086 0.136972
0 0.925109 0.304389 0.047875 0.060944
0 0.862645 0.241694 0.049289 0.069500
0 0.790977 0.132160 0.036266 0.039792
0 0.716047 0.192590 0.045609 0.047847
0 0.768457 0.109750 0.034273 0.038278
0 0.691969 0.164389 0.047875 0.046833
0 0.739844 0.083056 0.034281 0.035250
0 0.718031 0.065931 0.034844 0.036250
0 0.699902 0.045028 0.037680 0.042806
0 0.675258 0.023882 0.042203 0.041792
0 0.654152 0.012819 0.033430 0.025639
0 0.602594 0.092625 0.043625 0.038278
0 0.584750 0.071972 0.053828 0.042306
0 0.563785 0.053090 0.038523 0.034736
0 0.528801 0.021382 0.060336 0.042764
