0 0.669133 0.680394 0.070484 0.065162
0 0.696937 0.657894 0.068141 0.072813
0 0.707117 0.635275 0.068141 0.057650
0 0.725914 0.619613 0.049344 0.053875
0 0.737660 0.597744 0.060305 0.055263
0 0.759988 0.585837 0.046992 0.051500
0 0.775648 0.575156 0.057953 0.052812
0 0.833215 0.592106 0.039945 0.048987
0 0.868066 0.557581 0.034461 0.045113
0 0.787398 0.555763 0.054828 0.059025
0 0.813246 0.555138 0.051695 0.047750
0 0.815203 0.538156 0.054047 0.043862
0 0.836348 0.533213 0.041508 0.038975
0 0.839090 0.515600 0.050133 0.048875
0 0.849273 0.504325 0.042297 0.041350
0 0.862586 0.500563 0.037594 0.038850
0 0.870812 0.491787 0.044641 0.038850
0 0.885691 0.486838 0.038383 0.038975
0 0.893523 0.479256 0.039937 0.033837
0 0.877078 0.394738 0.032109 0.022675
0 0.675402 0.339600 0.028195 0.020175
0 0.768207 0.364663 0.027414 0.022675
0 0.072328 0.918606 0.067359 0.107763
0 0.012668 0.728694 0.025336 0.084087
0 0.350371 0.965563 0.103383 0.068875
0 0.352715 0.862719 0.084586 0.088962
0 0.423598 0.828887 0.097898 0.099000
0 0.731008 0.958675 0.076750 0.082650
0 0.845043 0.978038 0.101039 0.043925
0 0.870066 0.936156 0.107383 0.095237
0 0.899789 0.882206 0.102594 0.107638
0 0.922148 0.838912 0.089203 0.088975
0 0.939344 0.800819 0.081453 0.075187
0 0.959879 0.757581 0.080242 0.068912
0 0.608437 0.786281 0.069703 0.073937
0 0.752547 0.794488 0.063438 0.070300
2 0.816770 0.813844 0.085367 0.134087
0 0.492129 0.774437 0.087727 0.092850
0 0.526980 0.746244 0.077539 0.086587
0 0.547383 0.710462 0.082313 0.080200
0 0.600996 0.706775 0.076758 0.080300
0 0.628055 0.682331 0.072922 0.081587
