0 0.771615 0.962500 0.135937 0.069444
0 0.601562 0.248148 0.067708 0.053704
0 0.904167 0.331019 0.051042 0.078704
0 0.984375 0.325926 0.030208 0.061111
0 0.538385 0.221167 0.044406 0.053889
0 0.606406 0.203620 0.054979 0.043852
0 0.643062 0.211144 0.050750 0.051380
0 0.679716 0.224301 0.047932 0.055139
0 0.714961 0.232444 0.056391 0.048870
0 0.759721 0.249986 0.058505 0.066417
0 0.979292 0.252491 0.036656 0.038852
0 0.961318 0.258130 0.058510 0.045111
0 0.946161 0.270037 0.049344 0.048870
0 0.933828 0.270662 0.038771 0.032583
0 0.930656 0.312644 0.042292 0.063917
0 0.833073 0.390278 0.066146 0.082407
0 0.746354 0.460648 0.108333 0.139815
0 0.857292 0.827778 0.165625 0.298148
0 0.132031 0.847222 0.259896 0.292593
0 0.615885 0.551389 0.144271 0.163889
0 0.507031 0.824074 0.196354 0.344444
0 0.939323 0.619444 0.093229 0.188889
0 0.702344 0.290278 0.086979 0.067593
