0 0.958599 0.616231 0.038698 0.042833
0 0.115617 0.435986 0.044578 0.050843
0 0.316237 0.628167 0.035328 0.088185
0 0.253992 0.628148 0.045422 0.088222
0 0.805802 0.495806 0.030281 0.053833
0 0.887815 0.494306 0.032807 0.047852
0 0.034865 0.569079 0.036167 0.053843
1 0.169875 0.707407 0.050469 0.139074
0 0.951370 0.584042 0.037240 0.032454
0 0.173240 0.458417 0.026917 0.047852
0 0.975029 0.660366 0.037974 0.042843
0 0.983133 0.715537 0.033734 0.049333
0 0.193365 0.596111 0.050385 0.041537
0 0.777622 0.503278 0.032807 0.053833
1 0.449984 0.759000 0.042062 0.170481
1 0.404982 0.746287 0.046266 0.183944
0 0.495828 0.637120 0.031125 0.091222
1 0.451667 0.640111 0.031969 0.085241
0 0.413393 0.637120 0.029443 0.091222
0 0.365026 0.636375 0.033646 0.086731
0 0.744396 0.498796 0.028604 0.053833
0 0.714953 0.501037 0.030281 0.058315
0 0.679625 0.504773 0.033646 0.059806
0 0.454612 0.467394 0.022714 0.050843
0 0.422646 0.474120 0.024396 0.055333
0 0.390682 0.469634 0.024396 0.058324
0 0.354091 0.486083 0.021870 0.052333
0 0.320865 0.474120 0.024396 0.064296
0 0.082812 0.585532 0.044583 0.050843
0 0.271651 0.726847 0.040385 0.094213
0 0.322547 0.725347 0.039531 0.100194
