0 0.379167 0.739815 0.038542 0.116667
0 0.282552 0.736111 0.040104 0.100000
0 0.445573 0.744907 0.038021 0.099074
0 0.943750 0.579167 0.037500 0.043519
0 0.332292 0.770370 0.035417 0.100000
0 0.979688 0.686111 0.040625 0.048148
0 0.234896 0.729630 0.051042 0.096296
0 0.192708 0.739815 0.042708 0.090741
0 0.346615 0.649074 0.030729 0.079630
0 0.301823 0.634722 0.036979 0.082407
0 0.960938 0.614815 0.041667 0.042593
0 0.580208 0.633796 0.027083 0.073148
0 0.967969 0.645370 0.044271 0.053704
0 0.640885 0.644907 0.041146 0.073148
0 0.692708 0.511111 0.032292 0.051852
0 0.228646 0.618981 0.034375 0.069444
0 0.084115 0.585185 0.049479 0.055556
0 0.757812 0.511111 0.031250 0.059259
0 0.473177 0.656481 0.028646 0.085185
0 0.388542 0.644444 0.030208 0.081481
0 0.260937 0.640741 0.044792 0.085185
0 0.164583 0.708796 0.042708 0.073148
0 0.789583 0.504167 0.036458 0.050926
0 0.427604 0.640741 0.036458 0.094444
0 0.278646 0.489815 0.028125 0.055556
0 0.819010 0.504167 0.034896 0.050926
0 0.517708 0.626389 0.031250 0.087963
0 0.660331 0.501866 0.031724 0.061398
0 0.846422 0.498736 0.031719 0.055139
0 0.873911 0.499986 0.030313 0.050120
0 0.558122 0.488708 0.024672 0.052639
0 0.519352 0.494347 0.024672 0.066417
0 0.488690 0.476806 0.023964 0.063907
0 0.458732 0.476806 0.020443 0.048870
0 0.425250 0.474296 0.019740 0.056389
0 0.390359 0.473042 0.024667 0.058898
0 0.344542 0.484319 0.027490 0.066417
0 0.313526 0.487454 0.023260 0.050130
0 0.249734 0.473046 0.029604 0.063907
0 0.214138 0.477431 0.034536 0.057639
0 0.147174 0.459259 0.028901 0.046370
0 0.036154 0.782569 0.059214 0.066417
0 0.004331 0.865273 0.008661 0.046361
0 0.034036 0.460491 0.029604 0.048833
0 0.115805 0.434824 0.045109 0.052630
