0 0.020703 0.868750 0.041406 0.131944
0 0.461219 0.178528 0.053641 0.036333
0 0.512324 0.128403 0.030383 0.021306
0 0.504219 0.141563 0.039547 0.027569
0 0.479547 0.174764 0.039547 0.033833
0 0.461219 0.191688 0.046594 0.032569
0 0.487109 0.153472 0.050781 0.040278
0 0.445312 0.201389 0.065625 0.044444
0 0.433594 0.215278 0.057813 0.041667
1 0.920840 0.484917 0.140977 0.155389
0 0.066797 0.744444 0.133594 0.127778
0 0.567578 0.373611 0.094531 0.066667
0 0.156641 0.596528 0.082031 0.148611
0 0.573332 0.075771 0.028195 0.026319
