0 0.254682 0.423574 0.025375 0.025056
0 0.381563 0.448574 0.057802 0.040222
0 0.355833 0.476204 0.055687 0.045111
0 0.370289 0.553898 0.080359 0.125315
0 0.361120 0.673514 0.070490 0.164287
0 0.373104 0.359037 0.023969 0.026315
0 0.374523 0.367181 0.018349 0.025065
0 0.365005 0.372819 0.021865 0.031324
0 0.345260 0.382218 0.030313 0.032583
0 0.333630 0.390375 0.025375 0.031306
0 0.316354 0.396634 0.027500 0.028824
0 0.291339 0.407301 0.036656 0.037565
0 0.229659 0.437338 0.028901 0.042639
0 0.259958 0.455509 0.054250 0.041389
0 0.443242 0.374009 0.030307 0.043981
0 0.465094 0.381532 0.026083 0.031454
0 0.595852 0.457343 0.060620 0.037722
0 0.488003 0.384037 0.028193 0.041481
0 0.818945 0.793875 0.140276 0.156639
0 0.262437 0.482472 0.053573 0.052630
