0 0.582121 0.244340 0.027492 0.057764
0 0.421426 0.335174 0.078242 0.068931
0 0.512324 0.723014 0.071258 0.130333
0 0.500730 0.273139 0.033836 0.065167
0 0.600859 0.897917 0.085156 0.154167
0 0.238156 0.246826 0.035953 0.070181
0 0.331875 0.250583 0.028969 0.067667
0 0.461539 0.238701 0.030359 0.061542
0 0.415070 0.244722 0.028125 0.066667
1 0.021617 0.239958 0.043234 0.071556
1 0.105227 0.229306 0.073375 0.072778
0 0.095770 0.278785 0.054273 0.051375
0 0.020570 0.287556 0.041141 0.043861
0 0.634285 0.258160 0.035961 0.060097
0 0.708191 0.277951 0.055648 0.064931
