0 0.748816 0.380910 0.043773 0.082708
0 0.574039 0.482396 0.081766 0.122847
0 0.543375 0.535042 0.079656 0.112778
0 0.514121 0.568257 0.087398 0.126569
0 0.348473 0.766875 0.095867 0.152889
0 0.019867 0.459854 0.039734 0.092736
0 0.304063 0.818875 0.098687 0.166667
0 0.805594 0.954868 0.062734 0.090264
0 0.585668 0.047576 0.021852 0.040097
0 0.890883 0.937951 0.066969 0.124097
0 0.704406 0.299458 0.036719 0.067667
0 0.255410 0.893465 0.122617 0.208069
0 0.476762 0.614625 0.090227 0.129083
0 0.391824 0.712368 0.095164 0.149125
0 0.442539 0.662236 0.088188 0.136583
2 0.833789 0.148451 0.055688 0.063903
2 0.840133 0.103972 0.044406 0.055139
0 0.715367 0.669132 0.044406 0.120292
0 0.188816 0.928549 0.103617 0.142903
0 0.590602 0.248083 0.054281 0.067667
0 0.840133 0.803229 0.066969 0.145347
0 0.632188 0.426646 0.062734 0.081458
0 0.605020 0.452965 0.069148 0.093986
0 0.059434 0.564493 0.057867 0.116542
