0 0.707121 0.636594 0.066570 0.052762
0 0.669133 0.679200 0.070484 0.060275
0 0.628840 0.682331 0.071352 0.078812
0 0.599039 0.704950 0.082234 0.078950
0 0.546563 0.708713 0.080672 0.081450
0 0.527762 0.748806 0.077539 0.083962
0 0.918566 0.622119 0.036773 0.043863
0 0.776043 0.653506 0.047773 0.064037
0 0.615094 0.780700 0.086156 0.097875
0 0.491738 0.775687 0.085367 0.092850
0 0.405977 0.832706 0.079891 0.089087
0 0.353109 0.860900 0.083797 0.100375
0 0.961055 0.753131 0.077891 0.065037
0 0.955004 0.785150 0.083023 0.078950
0 0.920543 0.841481 0.092414 0.096363
0 0.897832 0.883456 0.101820 0.105138
0 0.870848 0.934900 0.107383 0.092725
0 0.831648 0.956800 0.135500 0.086400
0 0.343711 0.963063 0.105734 0.073875
0 0.890781 0.478131 0.043859 0.031337
0 0.884906 0.488094 0.036813 0.036463
0 0.919016 0.506200 0.031406 0.037600
0 0.871984 0.493113 0.045422 0.038975
0 0.863801 0.498119 0.038461 0.036462
0 0.849660 0.505012 0.039945 0.037725
0 0.839484 0.515037 0.049344 0.045250
0 0.836348 0.531887 0.041508 0.038850
0 0.815594 0.537531 0.053266 0.040112
0 0.814813 0.556331 0.048562 0.042613
0 0.788184 0.555763 0.053258 0.051500
0 0.778000 0.576381 0.056391 0.047612
0 0.756066 0.584587 0.053258 0.056525
0 0.738840 0.595869 0.059523 0.056262
0 0.725133 0.619675 0.050906 0.051500
0 0.697328 0.657894 0.067359 0.067787
0 0.009145 0.742419 0.018289 0.063912
