0 0.624766 0.026333 0.032422 0.052667
1 0.031250 0.523611 0.062500 0.177778
0 0.026562 0.799306 0.053125 0.093056
0 0.290234 0.240972 0.060156 0.070833
0 0.240625 0.261806 0.060937 0.081944
0 0.995313 0.280556 0.009375 0.041667
0 0.543000 0.034438 0.036656 0.046486
0 0.231086 0.025667 0.044406 0.046500
0 0.199719 0.144715 0.043703 0.059014
0 0.235867 0.185826 0.058359 0.063236
0 0.319688 0.689583 0.144062 0.131944
0 0.984375 0.444444 0.031250 0.069444
0 0.924609 0.407639 0.097656 0.087500
0 0.930859 0.345139 0.097656 0.073611
0 0.077422 0.019444 0.030312 0.038889
0 0.165531 0.111507 0.043000 0.055264
0 0.141215 0.083937 0.040883 0.052764
0 0.103500 0.043840 0.038766 0.045236
0 0.726270 0.020694 0.053570 0.041389
0 0.685387 0.018819 0.028195 0.037639
0 0.655781 0.023785 0.029609 0.045236
0 0.586703 0.026965 0.031016 0.053931
1 0.694922 0.367361 0.185156 0.170833
0 0.792188 0.452083 0.104688 0.104167
0 0.717187 0.543750 0.115625 0.095833
0 0.052734 0.688889 0.105469 0.105556
