0 0.791406 0.130556 0.037500 0.044444
0 0.529277 0.020653 0.059914 0.041306
0 0.584961 0.068882 0.051453 0.037597
0 0.544430 0.037556 0.042297 0.032583
0 0.602938 0.090813 0.045109 0.038847
0 0.692809 0.166000 0.048633 0.046361
0 0.657031 0.011806 0.039062 0.023611
0 0.699219 0.047222 0.039062 0.041667
0 0.866406 0.246528 0.050000 0.068056
0 0.643750 0.112500 0.048438 0.047222
0 0.715625 0.193750 0.050000 0.048611
0 0.792578 0.563194 0.069531 0.081944
0 0.740625 0.081944 0.039062 0.036111
0 0.768750 0.111111 0.037500 0.036111
0 0.925000 0.306250 0.050000 0.062500
0 0.717578 0.066667 0.036719 0.038889
0 0.503906 0.922222 0.117188 0.138889
