0 0.681848 0.018778 0.038133 0.037556
0 0.742578 0.432639 0.110156 0.090278
0 0.448437 0.289583 0.078125 0.084722
0 0.074609 0.868056 0.149219 0.150000
0 0.311719 0.181250 0.057813 0.068056
0 0.299219 0.239583 0.060937 0.076389
0 0.148438 0.147917 0.053125 0.070833
0 0.190625 0.200000 0.057813 0.072222
0 0.025781 0.785417 0.050000 0.065278
0 0.235156 0.256250 0.050000 0.068056
1 0.233242 0.090278 0.061641 0.111111
0 0.162109 0.052778 0.041406 0.052778
0 0.541016 0.036806 0.036719 0.051389
0 0.231777 0.023792 0.043070 0.047583
0 0.125695 0.020653 0.039547 0.041306
0 0.091539 0.007500 0.030312 0.015000
0 0.624754 0.026896 0.036727 0.048875
0 0.656121 0.023792 0.031789 0.047583
