1 0.831505 0.107875 0.049365 0.063528
1 0.883961 0.089889 0.038453 0.058074
0 0.935406 0.101282 0.017906 0.028380
0 0.952690 0.084352 0.030724 0.049815
0 0.580990 0.464352 0.105729 0.125000
0 0.270313 0.334722 0.056250 0.069444
0 0.810417 0.311111 0.058333 0.064815
0 0.782552 0.225926 0.045312 0.053704
0 0.113021 0.229630 0.034375 0.046296
0 0.394792 0.154167 0.054167 0.041667
0 0.075521 0.195833 0.026042 0.034259
0 0.350781 0.138426 0.038021 0.034259
0 0.156510 0.251852 0.030729 0.051852
2 0.704948 0.249537 0.064062 0.073148
1 0.215365 0.429167 0.083854 0.160185
0 0.109635 0.151852 0.028646 0.029630
2 0.902578 0.106204 0.050052 0.063519
0 0.826302 0.189583 0.044271 0.057870
0 0.247917 0.179167 0.036458 0.041667
1 0.780729 0.128704 0.056250 0.075926
0 0.026716 0.195708 0.021401 0.034528
0 0.047880 0.172231 0.023344 0.031759
0 0.074490 0.130116 0.022958 0.027620
2 0.719081 0.174134 0.057484 0.056694
1 0.742773 0.185523 0.059036 0.071194
0 0.862208 0.172060 0.031458 0.042880
0 0.837526 0.147236 0.035771 0.034528
0 0.802005 0.171023 0.040010 0.044954
0 0.870951 0.135116 0.031849 0.028380
0 0.930763 0.133736 0.028745 0.035287
