0 0.687500 0.850926 0.081250 0.100000
0 0.455469 0.597222 0.058854 0.085185
0 0.519000 0.359634 0.011281 0.020046
0 0.524995 0.412269 0.014802 0.030074
0 0.526755 0.455500 0.018323 0.033833
0 0.567638 0.503116 0.019734 0.036343
0 0.501823 0.689815 0.032813 0.088889
0 0.703385 0.966204 0.068229 0.063889
0 0.517708 0.585648 0.027083 0.080556
0 0.627604 0.792130 0.046875 0.126852
0 0.535214 0.357130 0.015510 0.032574
0 0.572924 0.362139 0.011984 0.022556
0 0.594424 0.357130 0.011276 0.030074
0 0.555469 0.775926 0.036979 0.111111
0 0.455729 0.611574 0.056250 0.058333
