0 0.544055 0.803931 0.119125 0.179194
0 0.730500 0.273236 0.056391 0.070194
0 0.749879 0.265708 0.052867 0.075194
0 0.519387 0.239326 0.065555 0.065292
0 0.458762 0.213014 0.066961 0.052750
0 0.433387 0.186069 0.072602 0.056528
0 0.522559 0.179799 0.064852 0.056514
0 0.603617 0.182938 0.054984 0.052764
0 0.656129 0.182312 0.047227 0.046486
0 0.702305 0.181056 0.043703 0.041472
0 0.256812 0.297035 0.062031 0.080208
0 0.160598 0.128431 0.038773 0.049000
0 0.079887 0.073917 0.026789 0.047750
0 0.040426 0.074535 0.025398 0.056514
