0 0.562500 0.675000 0.067187 0.066667
0 0.319648 0.950972 0.072109 0.089722
0 0.338922 0.913493 0.069859 0.082708
0 0.785613 0.643097 0.053461 0.054361
0 0.654492 0.523750 0.048047 0.050556
0 0.646523 0.554722 0.053984 0.062778
0 0.409375 0.801389 0.062500 0.066667
0 0.740004 0.265618 0.031789 0.030069
2 0.434434 0.509986 0.055055 0.067667
0 0.468973 0.479910 0.042367 0.037597
0 0.486945 0.463014 0.033203 0.036306
0 0.502102 0.444167 0.035312 0.033889
0 0.517609 0.418500 0.032500 0.032583
0 0.526418 0.407222 0.037430 0.035083
2 0.583871 0.335771 0.043773 0.045153
0 0.563074 0.355222 0.033195 0.023806
0 0.554266 0.369632 0.035312 0.027569
0 0.644137 0.369632 0.036023 0.035097
0 0.685410 0.313236 0.022555 0.032583
0 0.662465 0.335799 0.036023 0.030069
0 0.706570 0.322639 0.019703 0.028833
0 0.727703 0.321389 0.019734 0.033833
0 0.768586 0.329535 0.018328 0.030069
0 0.787266 0.333917 0.017625 0.031333
0 0.863004 0.425396 0.038133 0.031319
0 0.857719 0.443569 0.045891 0.030083
0 0.851730 0.459854 0.043773 0.027569
0 0.845734 0.479910 0.044484 0.037597
0 0.836578 0.499951 0.048719 0.040097
0 0.826703 0.520632 0.047297 0.036347
0 0.819301 0.546319 0.045180 0.042611
0 0.812254 0.575771 0.050820 0.048875
0 0.798508 0.613368 0.051531 0.051375
0 0.774930 0.678528 0.060625 0.058889
0 0.747754 0.363368 0.037430 0.030069
0 0.743527 0.380910 0.038836 0.032569
0 0.731191 0.393444 0.039539 0.035083
0 0.707223 0.426021 0.042367 0.040097
0 0.699824 0.441687 0.048711 0.046375
0 0.689250 0.463618 0.047297 0.037597
0 0.679031 0.483667 0.048000 0.040111
0 0.669164 0.508729 0.053641 0.047625
2 0.126043 0.906604 0.068445 0.126569
