0 0.134766 0.106944 0.036719 0.055556
0 0.311117 0.034486 0.047500 0.045472
0 0.587109 0.336111 0.119531 0.127778
0 0.533984 0.561806 0.182031 0.229167
0 0.102734 0.927778 0.186719 0.141667
0 0.421094 0.349306 0.120313 0.137500
0 0.269922 0.160417 0.061719 0.073611
0 0.076563 0.795833 0.153125 0.141667
0 0.600781 0.118750 0.085938 0.070833
0 0.737109 0.153472 0.060156 0.073611
0 0.177344 0.120833 0.048438 0.055556
0 0.760938 0.069444 0.045312 0.055556
0 0.698438 0.092361 0.059375 0.059722
0 0.798438 0.101389 0.042188 0.058333
2 0.053125 0.497917 0.106250 0.259722
0 0.422266 0.062500 0.032031 0.050000
0 0.843359 0.061806 0.035156 0.048611
0 0.140625 0.154167 0.042188 0.058333
0 0.379297 0.050000 0.047656 0.047222
0 0.908594 0.076389 0.025000 0.038889
0 0.055078 0.116667 0.027344 0.038889
0 0.052734 0.081944 0.027344 0.036111
2 0.242578 0.022917 0.036719 0.045833
0 0.923184 0.158993 0.031664 0.056292
0 0.816000 0.037729 0.026797 0.038986
0 0.838531 0.022569 0.025578 0.030306
0 0.865328 0.023653 0.018266 0.032472
0 0.898824 0.024736 0.021930 0.034639
0 0.342785 0.039889 0.042633 0.043306
0 0.115621 0.027979 0.024367 0.028153
0 0.149117 0.026903 0.025578 0.030306
0 0.172867 0.022569 0.024359 0.030306
0 0.199664 0.024736 0.031672 0.038972
0 0.030965 0.101604 0.018273 0.028153
0 0.094914 0.090771 0.026797 0.036792
0 0.108312 0.139500 0.029234 0.047639
0 0.271531 0.022569 0.029234 0.038972
0 0.284320 0.029069 0.028016 0.038972
