0 0.813021 0.849074 0.173958 0.294444
0 0.551042 0.598148 0.161458 0.190741
0 0.951042 0.613426 0.088542 0.173148
0 0.939820 0.302616 0.039474 0.066417
0 0.915146 0.323921 0.038062 0.051380
0 0.540854 0.184810 0.045115 0.038880
0 0.567286 0.193597 0.044406 0.036343
0 0.600065 0.204875 0.039474 0.043861
0 0.627904 0.211764 0.041589 0.040102
0 0.672313 0.223042 0.065562 0.055139
0 0.752318 0.251866 0.053573 0.052639
0 0.628125 0.257870 0.076042 0.058333
0 0.858333 0.368981 0.059375 0.093519
0 0.719531 0.286111 0.086979 0.079630
0 0.797396 0.412500 0.100000 0.123148
0 0.062760 0.886111 0.125521 0.220370
0 0.685677 0.495833 0.132812 0.143519
0 0.336719 0.746296 0.251563 0.305556
0 0.934534 0.275051 0.045818 0.043861
0 0.949688 0.270037 0.036656 0.041352
0 0.964490 0.264398 0.033833 0.035093
0 0.966604 0.258134 0.038063 0.035083
0 0.981055 0.248106 0.037359 0.035083
