0 0.062500 0.574306 0.051562 0.056944
0 0.545488 0.102708 0.017617 0.022556
2 0.611043 0.393437 0.054273 0.062653
0 0.549719 0.700458 0.028906 0.102750
0 0.551562 0.099306 0.021875 0.023611
0 0.608594 0.164583 0.023438 0.029167
0 0.550391 0.287500 0.038281 0.038889
0 0.129957 0.464243 0.049336 0.056403
2 0.028906 0.388194 0.048438 0.090278
0 0.590602 0.709861 0.028906 0.091472
0 0.141797 0.544444 0.053906 0.058333
0 0.485711 0.378264 0.047484 0.038889
0 0.314992 0.483042 0.055687 0.056389
0 0.452762 0.008104 0.018398 0.013792
0 0.651953 0.281944 0.025781 0.027778
2 0.754297 0.278472 0.030469 0.040278
0 0.580379 0.142187 0.014102 0.023819
0 0.484164 0.027528 0.017625 0.020056
0 0.378516 0.468056 0.057031 0.055556
0 0.507031 0.423611 0.059375 0.061111
0 0.442969 0.445833 0.051562 0.050000
0 0.501039 0.043194 0.016297 0.021389
