0 0.388656 0.054062 0.041609 0.046208
0 0.318660 0.034049 0.037695 0.046208
0 0.342398 0.039271 0.042094 0.046208
0 0.177344 0.052778 0.035937 0.038889
0 0.422266 0.059722 0.032031 0.050000
0 0.458203 0.076389 0.032031 0.052778
0 0.292957 0.034493 0.027414 0.043597
0 0.281453 0.025347 0.026922 0.039250
0 0.260406 0.024910 0.027906 0.038375
0 0.244496 0.018569 0.027414 0.037139
0 0.120652 0.096708 0.032305 0.039250
0 0.115242 0.068472 0.026484 0.024361
0 0.094711 0.093229 0.023500 0.030542
0 0.072438 0.084958 0.020063 0.031417
0 0.051387 0.084965 0.020070 0.033153
0 0.027621 0.079306 0.021586 0.027056
1 0.052098 0.029271 0.030398 0.038375
0 0.203906 0.131944 0.051562 0.063889
0 0.874609 0.230556 0.053906 0.077778
0 0.285938 0.163194 0.070312 0.081944
0 0.147656 0.108333 0.037500 0.047222
0 0.375000 0.204167 0.090625 0.091667
0 0.485938 0.247917 0.123438 0.112500
0 0.594141 0.236111 0.096094 0.094444
0 0.891797 0.032639 0.027344 0.043056
0 0.767188 0.067361 0.045312 0.059722
0 0.876953 0.146528 0.033594 0.056944
0 0.806641 0.089583 0.041406 0.056944
0 0.841797 0.059722 0.033594 0.050000
