0 0.983854 0.700926 0.032292 0.044444
1 0.449219 0.757407 0.042188 0.172222
0 0.031771 0.573148 0.047917 0.053704
0 0.083333 0.585185 0.047917 0.053704
1 0.403646 0.746759 0.046875 0.178704
0 0.806250 0.497222 0.034375 0.050000
0 0.744271 0.500000 0.032292 0.048148
0 0.221875 0.480093 0.027083 0.050926
0 0.359635 0.625926 0.035937 0.094444
0 0.117708 0.433333 0.050000 0.051852
0 0.195104 0.594597 0.052865 0.046361
0 0.354409 0.487458 0.021849 0.055139
0 0.483404 0.473671 0.024672 0.052639
0 0.455208 0.469282 0.021854 0.051380
0 0.452036 0.636579 0.033833 0.077694
1 0.413620 0.620912 0.035948 0.111528
0 0.036154 0.889708 0.054984 0.062657
0 0.026182 0.777556 0.052365 0.066407
0 0.422396 0.474074 0.025000 0.053704
0 0.169271 0.709722 0.052083 0.139815
0 0.887240 0.496759 0.036979 0.043519
0 0.390104 0.469444 0.025000 0.061111
0 0.715885 0.504630 0.031771 0.050000
0 0.989844 0.733333 0.020313 0.046296
0 0.679688 0.503241 0.029167 0.054630
0 0.495312 0.638426 0.029167 0.091667
0 0.173177 0.457870 0.030729 0.049074
0 0.316927 0.629167 0.034896 0.086111
0 0.975260 0.661111 0.040104 0.044444
0 0.253906 0.626389 0.042188 0.086111
0 0.882552 0.546759 0.035937 0.045370
0 0.364844 0.726852 0.039062 0.105556
0 0.230469 0.716667 0.044271 0.075926
0 0.945573 0.575926 0.040104 0.050000
0 0.271615 0.723148 0.043229 0.092593
0 0.321875 0.725000 0.042708 0.103704
