0 0.755078 0.668125 0.057031 0.076250
0 0.357812 0.848125 0.079687 0.093750
0 0.082812 0.945000 0.068750 0.107500
0 0.407813 0.822500 0.092188 0.105000
0 0.867969 0.763125 0.065625 0.076250
0 0.759766 0.948750 0.082031 0.100000
0 0.617969 0.763125 0.075000 0.071250
0 0.726172 0.755000 0.089844 0.082500
0 0.894922 0.916875 0.107031 0.083750
0 0.451953 0.787500 0.091406 0.097500
0 0.924219 0.831875 0.095312 0.081250
0 0.918359 0.876250 0.099219 0.080000
0 0.522656 0.750000 0.082812 0.077500
0 0.680859 0.646250 0.077344 0.065000
0 0.559766 0.727500 0.080469 0.072500
0 0.666016 0.679375 0.067969 0.063750
0 0.011719 0.740625 0.023438 0.076250
0 0.491797 0.774375 0.082031 0.088750
0 0.623047 0.693750 0.072656 0.077500
0 0.586719 0.700625 0.071875 0.063750
0 0.853125 0.968750 0.081250 0.062500
0 0.944043 0.793237 0.084664 0.070175
0 0.951090 0.750000 0.073695 0.056400
0 0.802320 0.620938 0.043859 0.061375
0 0.832824 0.591413 0.032977 0.050250
0 0.917844 0.494925 0.030547 0.035225
0 0.736879 0.364038 0.029055 0.021300
0 0.824992 0.387219 0.029844 0.022563
0 0.723605 0.618425 0.079102 0.051375
0 0.742754 0.601506 0.061164 0.045112
0 0.756461 0.587725 0.063516 0.050125
0 0.784656 0.574562 0.052547 0.048875
0 0.793664 0.555138 0.053344 0.047625
0 0.815594 0.548812 0.043937 0.037725
0 0.823031 0.540662 0.055687 0.041475
0 0.874336 0.538156 0.031406 0.041487
0 0.835957 0.513787 0.043945 0.040100
0 0.851621 0.503131 0.042367 0.036337
0 0.867328 0.497431 0.037594 0.030212
0 0.881812 0.485588 0.044641 0.036350
