0 0.818490 0.502778 0.035937 0.053704
0 0.314583 0.486574 0.026042 0.052778
0 0.789062 0.503704 0.036458 0.051852
0 0.214062 0.477778 0.037500 0.061111
0 0.458732 0.478681 0.020443 0.047620
0 0.425604 0.475551 0.021854 0.053880
0 0.846094 0.497222 0.033854 0.053704
0 0.039677 0.783194 0.057802 0.067667
0 0.517237 0.629060 0.033130 0.090231
0 0.557771 0.491843 0.025375 0.061407
0 0.488690 0.478681 0.023964 0.062657
0 0.358333 0.854630 0.082292 0.066667
0 0.959896 0.614815 0.038542 0.040741
0 0.083854 0.586111 0.048958 0.055556
0 0.165104 0.709722 0.043750 0.073148
0 0.473438 0.655556 0.028125 0.087037
0 0.228906 0.618981 0.033854 0.069444
0 0.758073 0.511111 0.030729 0.057407
0 0.427344 0.640278 0.036979 0.093519
0 0.279167 0.489815 0.028125 0.057407
0 0.261719 0.639352 0.041146 0.084259
0 0.302604 0.633333 0.037500 0.081481
0 0.691406 0.510648 0.035937 0.056481
0 0.147917 0.458796 0.032292 0.047222
0 0.967187 0.646759 0.042708 0.052778
0 0.034745 0.459884 0.029604 0.050120
0 0.115805 0.434199 0.043703 0.051380
0 0.390359 0.472417 0.026083 0.057648
0 0.282813 0.737037 0.039583 0.098148
0 0.445573 0.745370 0.038021 0.098148
0 0.234896 0.729630 0.051042 0.098148
0 0.379167 0.738889 0.038542 0.118519
0 0.346875 0.648611 0.030208 0.080556
0 0.980208 0.687037 0.039583 0.048148
0 0.944010 0.579630 0.036979 0.042593
0 0.192969 0.740278 0.043229 0.091667
