0 0.040059 0.281931 0.027492 0.050250
0 0.987078 0.212451 0.023969 0.058903
0 0.835879 0.120972 0.051461 0.053889
0 0.843281 0.101542 0.050750 0.045111
0 0.047816 0.411667 0.040180 0.073889
0 0.005051 0.500035 0.010102 0.050125
0 0.223328 0.275104 0.037359 0.056403
0 0.336469 0.207438 0.036656 0.041347
0 0.065086 0.312069 0.032422 0.047611
0 0.627582 0.231813 0.066258 0.057764
0 0.965695 0.448660 0.068609 0.082708
0 0.988957 0.518833 0.022086 0.077694
0 0.965695 0.374104 0.068609 0.086458
0 0.036887 0.271285 0.026789 0.036458
0 0.181391 0.155368 0.022562 0.032708
0 0.952891 0.197410 0.027484 0.061403
0 0.230391 0.117146 0.023281 0.026431
0 0.598332 0.287639 0.075430 0.068917
0 0.150723 0.135382 0.017617 0.025069
0 0.138742 0.117146 0.011984 0.018931
0 0.144031 0.073910 0.011281 0.020181
0 0.161656 0.041333 0.012687 0.017667
0 0.165531 0.063264 0.010578 0.018917
0 0.055535 0.310813 0.026148 0.050125
1 0.056980 0.291396 0.047227 0.076431
0 0.040059 0.291958 0.021852 0.045250
