0 0.673754 0.024417 0.038773 0.038972
0 0.560621 0.051361 0.046523 0.047750
0 0.544055 0.037576 0.043000 0.032708
0 0.523965 0.021910 0.039477 0.041486
0 0.509516 0.013806 0.043000 0.027611
0 0.805469 0.563194 0.070312 0.081944
0 0.576562 0.429167 0.070312 0.105556
0 0.861219 0.237451 0.054344 0.069042
0 0.607141 0.092090 0.042297 0.043986
0 0.765742 0.107118 0.035250 0.043986
0 0.741777 0.083312 0.032430 0.036458
0 0.718160 0.058882 0.040180 0.045236
0 0.691375 0.040701 0.038766 0.043986
0 0.726379 0.631722 0.075711 0.119167
0 0.911699 0.363243 0.044164 0.089736
0 0.717309 0.188701 0.044945 0.049069
0 0.439844 0.338194 0.060937 0.093056
0 0.586699 0.071410 0.040883 0.042736
