0 0.461133 0.022222 0.050391 0.044444
0 0.778438 0.097917 0.030625 0.051389
0 0.538828 0.077083 0.047969 0.056944
0 0.685156 0.054167 0.025000 0.050000
0 0.172266 0.965278 0.075781 0.066667
0 0.591289 0.203194 0.054453 0.085278
0 0.717773 0.063264 0.030078 0.054306
0 0.557031 0.110417 0.057813 0.065278
0 0.749605 0.080417 0.029367 0.050000
0 0.419922 0.013889 0.042969 0.027778
0 0.837992 0.145965 0.030312 0.064042
0 0.868656 0.185437 0.026781 0.055264
0 0.898613 0.203618 0.017617 0.056514
0 0.390742 0.009417 0.029609 0.018833
0 0.487664 0.031306 0.043000 0.052750
0 0.516563 0.057000 0.044406 0.051500
0 0.123910 0.027535 0.031789 0.045208
0 0.805781 0.121528 0.029063 0.051389
0 0.636328 0.022222 0.049219 0.044444
0 0.796875 0.382639 0.064062 0.079167
