0 0.938113 0.734299 0.116305 0.150375
0 0.877492 0.796326 0.144500 0.181708
0 0.040309 0.541944 0.080617 0.088972
0 0.141238 0.385299 0.091633 0.086458
0 0.237773 0.522514 0.134000 0.112778
0 0.424914 0.555097 0.122016 0.135333
0 0.147582 0.281917 0.077539 0.080194
0 0.202879 0.172264 0.030383 0.043861
2 0.151773 0.169132 0.048000 0.072681
0 0.185645 0.156604 0.022555 0.040097
0 0.111984 0.133417 0.020437 0.036333
0 0.121500 0.104590 0.018328 0.026319
0 0.096125 0.115868 0.018328 0.028819
2 0.387945 0.191688 0.095859 0.100264
0 0.680125 0.160354 0.055688 0.060153
0 0.388652 0.281285 0.088820 0.073931
