0 0.165234 0.970139 0.060156 0.056944
0 0.172266 0.056944 0.036719 0.044444
0 0.861328 0.174306 0.028906 0.056944
0 0.082949 0.011792 0.028055 0.023583
0 0.274609 0.934722 0.088281 0.127778
0 0.427734 0.229167 0.061719 0.069444
0 0.365234 0.179167 0.052344 0.061111
0 0.043086 0.013736 0.019188 0.022306
0 0.212465 0.082632 0.036242 0.034125
0 0.481570 0.037361 0.047250 0.048556
0 0.106250 0.017361 0.025000 0.034722
0 0.812891 0.375000 0.063281 0.080556
0 0.256250 0.116667 0.043750 0.055556
0 0.761719 0.089583 0.035937 0.054167
0 0.743750 0.487500 0.082812 0.100000
0 0.315625 0.143750 0.046875 0.056944
0 0.137109 0.036111 0.030469 0.038889
0 0.506641 0.284028 0.067969 0.076389
0 0.432812 0.017361 0.039062 0.034722
0 0.211328 0.136111 0.039844 0.047222
0 0.021758 0.734375 0.034609 0.061806
0 0.265625 0.834028 0.089063 0.145833
0 0.555859 0.018056 0.050781 0.036111
