0 0.608203 0.449444 0.080469 0.115000
0 0.436719 0.683333 0.093750 0.133333
0 0.344531 0.768750 0.098437 0.154167
0 0.510508 0.566528 0.086797 0.121944
0 0.472656 0.622917 0.092188 0.123611
0 0.584375 0.329861 0.054688 0.070833
0 0.570312 0.493056 0.087500 0.105556
0 0.796094 0.928125 0.076563 0.140972
0 0.582422 0.261875 0.049219 0.065417
0 0.719531 0.524306 0.037500 0.109722
0 0.798508 0.525021 0.037422 0.090236
0 0.737184 0.769382 0.054352 0.122819
0 0.289453 0.839583 0.097656 0.143056
0 0.543359 0.536806 0.082031 0.118056
