0 0.719141 0.525000 0.036719 0.108333
0 0.198437 0.943056 0.092188 0.111111
0 0.589844 0.256250 0.046875 0.065278
0 0.472266 0.622917 0.091406 0.126389
0 0.510547 0.571528 0.088281 0.131944
0 0.346875 0.770139 0.095312 0.154167
0 0.236719 0.909722 0.106250 0.172222
0 0.298047 0.846528 0.096094 0.154167
0 0.607578 0.449653 0.079219 0.114583
0 0.530078 0.302778 0.053906 0.066667
0 0.569922 0.493056 0.091406 0.108333
0 0.794141 0.928472 0.078906 0.140278
0 0.543359 0.536111 0.082031 0.119444
0 0.278906 0.643056 0.095312 0.122222
0 0.435937 0.682639 0.092188 0.131944
0 0.796875 0.522222 0.037500 0.088889
0 0.006250 0.610417 0.012500 0.073611
0 0.734750 0.768757 0.056391 0.124069
