0 0.755078 0.077083 0.044531 0.051389
0 0.210938 0.133333 0.050000 0.061111
0 0.885156 0.164583 0.035937 0.070833
0 0.636719 0.286111 0.137500 0.111111
0 0.347656 0.202778 0.084375 0.105556
0 0.726562 0.384028 0.129688 0.120833
0 0.459375 0.251389 0.118750 0.102778
0 0.389844 0.427778 0.148438 0.144444
2 0.096102 0.078299 0.036656 0.064042
0 0.794531 0.050000 0.037500 0.041667
0 0.048875 0.083937 0.018328 0.030208
0 0.905078 0.075000 0.039844 0.075000
0 0.341484 0.039583 0.045469 0.051389
0 0.033363 0.080806 0.019742 0.028944
0 0.068254 0.087701 0.021852 0.035208
0 0.840625 0.066667 0.040625 0.055556
0 0.244832 0.020653 0.028195 0.036472
0 0.259281 0.026299 0.024672 0.035208
0 0.275492 0.030681 0.031719 0.038972
0 0.292414 0.033181 0.027484 0.038972
0 0.321629 0.033250 0.045180 0.043861
0 0.388629 0.053868 0.040883 0.042736
0 0.830945 0.033875 0.033125 0.032583
0 0.871477 0.048222 0.026781 0.038972
0 0.848531 0.024479 0.024734 0.036347
0 0.891918 0.032625 0.023961 0.035083
0 0.419141 0.063889 0.042969 0.052778
0 0.800000 0.095833 0.046875 0.066667
0 0.169531 0.113194 0.039062 0.051389
0 0.130078 0.101389 0.035156 0.050000
