0 0.841832 0.099604 0.050820 0.046486
0 0.979441 0.520715 0.041117 0.081458
0 0.952891 0.193632 0.026078 0.056347
0 0.985668 0.214951 0.025383 0.051375
0 0.834785 0.120278 0.055055 0.047750
0 0.675164 0.036951 0.033125 0.033958
0 0.362547 0.206715 0.046516 0.042681
0 0.363605 0.156625 0.038773 0.037722
0 0.122145 0.227417 0.024039 0.038972
0 0.194078 0.157875 0.022563 0.030194
1 0.212406 0.097722 0.035250 0.040222
0 0.149285 0.140333 0.017695 0.025194
0 0.130992 0.114014 0.013391 0.025194
1 0.062570 0.143465 0.017672 0.041486
1 0.083727 0.101486 0.021922 0.037722
0 0.064730 0.312069 0.033133 0.047611
0 0.054160 0.312639 0.023258 0.049000
0 0.055215 0.291333 0.045117 0.074056
0 0.040766 0.291333 0.024672 0.046500
0 0.039004 0.284438 0.026789 0.042736
0 0.035129 0.269403 0.027492 0.040222
0 0.038301 0.251917 0.026789 0.032583
