0 0.363258 0.622250 0.040594 0.049833
2 0.433809 0.512285 0.057992 0.060125
0 0.394187 0.440979 0.040594 0.041236
0 0.351172 0.434111 0.033828 0.048111
0 0.265641 0.532903 0.038656 0.053278
0 0.571535 0.661764 0.058961 0.060139
0 0.601980 0.616236 0.063789 0.054972
0 0.624211 0.583590 0.056062 0.054986
0 0.637742 0.556097 0.057984 0.044667
0 0.656586 0.525174 0.053156 0.051542
0 0.670117 0.507993 0.053156 0.051542
0 0.680266 0.483931 0.046391 0.037806
0 0.689930 0.462458 0.046391 0.036083
0 0.699598 0.442694 0.050258 0.044667
0 0.704914 0.420361 0.045422 0.034361
0 0.717477 0.403174 0.037688 0.027486
0 0.725691 0.386854 0.044461 0.032653
0 0.742121 0.373111 0.042523 0.032639
0 0.744539 0.329292 0.022234 0.037806
0 0.786582 0.336167 0.019336 0.037806
0 0.865352 0.409194 0.041563 0.036083
0 0.854238 0.438403 0.042523 0.025778
0 0.851336 0.455583 0.044453 0.036083
0 0.845535 0.475347 0.044461 0.034361
0 0.834906 0.493382 0.044453 0.029208
0 0.827652 0.516549 0.047352 0.037736
0 0.819926 0.540639 0.047352 0.034361
0 0.811707 0.569847 0.050258 0.037806
0 0.801555 0.597361 0.053141 0.044722
0 0.787062 0.638576 0.053156 0.041236
0 0.780301 0.668639 0.051227 0.036083
0 0.768219 0.703868 0.059922 0.044681
0 0.745988 0.754556 0.063789 0.070444
0 0.542543 0.702146 0.064758 0.068736
0 0.481652 0.802660 0.072492 0.080764
0 0.270957 0.611083 0.041555 0.044667
2 0.127914 0.902319 0.068625 0.118556
0 0.407230 0.890181 0.070555 0.080639
0 0.109551 0.808674 0.049289 0.061847
0 0.469570 0.473625 0.048328 0.048111
0 0.500016 0.440979 0.039625 0.037792
0 0.527078 0.407472 0.037688 0.036083
0 0.541574 0.389437 0.031898 0.030931
0 0.554137 0.368729 0.029961 0.030764
2 0.582168 0.333590 0.047352 0.042958
0 0.629043 0.388576 0.040586 0.032653
0 0.639672 0.366236 0.040594 0.025778
0 0.657555 0.337028 0.035766 0.032639
0 0.684617 0.314694 0.026094 0.036083
0 0.674469 0.281181 0.032859 0.024056
0 0.716996 0.273451 0.030930 0.029208
0 0.765801 0.281181 0.028023 0.024056
0 0.731977 0.264000 0.028031 0.027500
2 0.446375 0.404896 0.054125 0.061847
0 0.460871 0.361938 0.034789 0.027486
0 0.504848 0.350778 0.029961 0.036083
2 0.519344 0.298368 0.060891 0.065292
0 0.544973 0.306097 0.025102 0.025778
0 0.582648 0.270021 0.021266 0.029208
0 0.551242 0.262285 0.014500 0.027486
0 0.579750 0.235653 0.021266 0.025778
2 0.620348 0.221049 0.023195 0.027486
0 0.311066 0.253694 0.023195 0.024056
0 0.366637 0.255410 0.024164 0.020625
0 0.400465 0.257986 0.022227 0.025778
