0 0.284621 0.155431 0.059992 0.087722
0 0.934680 0.775104 0.130641 0.144097
0 0.947723 0.654174 0.104555 0.105264
0 0.781602 0.319590 0.088109 0.080208
0 0.918699 0.307688 0.084586 0.068931
0 0.993188 0.285125 0.013625 0.033833
0 0.512687 0.277611 0.077531 0.071417
0 0.039238 0.784500 0.078477 0.100250
0 0.018445 0.904174 0.036891 0.104014
0 0.005051 0.710562 0.010102 0.040097
0 0.378406 0.236257 0.075422 0.101514
0 0.336480 0.144778 0.055008 0.073944
0 0.081297 0.027590 0.038062 0.055181
0 0.161652 0.018194 0.040883 0.036389
0 0.231438 0.026333 0.042297 0.052667
0 0.269500 0.054493 0.045109 0.054014
0 0.234961 0.119028 0.054984 0.080333
0 0.194449 0.082688 0.040148 0.065292
0 0.542609 0.038194 0.040250 0.051500
0 0.589836 0.029424 0.027562 0.046486
0 0.653312 0.026924 0.028906 0.043986
0 0.623707 0.028174 0.033133 0.051514
