0 0.321354 0.725463 0.041667 0.106481
0 0.302604 0.621759 0.044792 0.115741
1 0.299479 0.459722 0.083333 0.065741
0 0.976302 0.649537 0.041146 0.047222
0 0.173437 0.457870 0.031250 0.049074
0 0.031510 0.573148 0.046354 0.053704
0 0.358073 0.743519 0.038021 0.114815
0 0.372917 0.641667 0.032292 0.083333
0 0.959375 0.611111 0.042708 0.044444
0 0.185417 0.709722 0.045833 0.093519
0 0.337500 0.640278 0.028125 0.076852
0 0.083333 0.585185 0.047917 0.053704
0 0.983333 0.700463 0.032292 0.047222
1 0.412500 0.625463 0.038542 0.130556
0 0.946354 0.575463 0.039583 0.045370
0 0.253906 0.626389 0.042188 0.086111
0 0.230208 0.717130 0.044792 0.075000
0 0.271615 0.723148 0.043229 0.092593
0 0.026182 0.781940 0.052365 0.065157
0 0.116862 0.434199 0.044411 0.051380
0 0.390005 0.473046 0.023969 0.063907
0 0.486224 0.474301 0.021854 0.051380
0 0.558474 0.496227 0.049344 0.042602
0 0.682888 0.506250 0.034536 0.052630
0 0.804833 0.500616 0.034542 0.051380
0 0.834792 0.499986 0.032427 0.050120
0 0.863339 0.497481 0.035948 0.050130
0 0.888362 0.497481 0.032422 0.042611
0 0.990703 0.734324 0.018594 0.045111
0 0.927130 0.496852 0.036656 0.033833
0 0.401042 0.761111 0.040625 0.133333
0 0.451562 0.644444 0.033333 0.094444
0 0.779948 0.509259 0.034896 0.051852
0 0.744010 0.501389 0.034896 0.050926
0 0.454167 0.472685 0.023958 0.060185
0 0.224479 0.466204 0.051042 0.043519
0 0.718229 0.507870 0.035417 0.054630
2 0.451562 0.643981 0.033333 0.093519
0 0.422656 0.473611 0.024479 0.052778
0 0.450628 0.760639 0.036651 0.120296
