0 0.056273 0.294465 0.047234 0.077819
0 0.112629 0.171028 0.017695 0.026444
0 0.046711 0.239403 0.019828 0.022583
0 0.037594 0.265076 0.031016 0.038847
0 0.042176 0.275104 0.033133 0.046375
0 0.410129 0.163507 0.045820 0.043986
0 0.237395 0.163507 0.028977 0.033958
0 0.276164 0.117771 0.027562 0.030208
0 0.065086 0.312639 0.031016 0.049000
0 0.055215 0.313264 0.028195 0.050250
0 0.039707 0.287569 0.026789 0.041472
0 0.969926 0.507563 0.060148 0.092736
0 0.952535 0.197410 0.028195 0.061403
0 0.987430 0.218715 0.024672 0.048875
0 0.834434 0.112139 0.050117 0.049000
0 0.356906 0.201729 0.042297 0.045236
