0 0.193229 0.721759 0.042708 0.093519
0 0.230729 0.744907 0.045833 0.089815
0 0.347135 0.648611 0.029687 0.080556
0 0.378646 0.739815 0.038542 0.112963
0 0.445573 0.744907 0.038021 0.097222
0 0.160214 0.456125 0.036656 0.062657
0 0.873177 0.498611 0.032813 0.049074
0 0.325000 0.740741 0.036458 0.090741
0 0.900695 0.499986 0.037359 0.052639
0 0.040383 0.783194 0.052161 0.062648
0 0.427604 0.639815 0.036458 0.092593
0 0.760938 0.507870 0.033333 0.050926
0 0.344010 0.486111 0.025521 0.050000
0 0.993750 0.773148 0.012500 0.050000
0 0.966927 0.647222 0.042188 0.053704
0 0.472917 0.656019 0.028125 0.086111
0 0.301823 0.635648 0.038021 0.084259
0 0.229167 0.618981 0.034375 0.071296
0 0.390625 0.470833 0.026042 0.062037
0 0.166406 0.707407 0.047396 0.077778
0 0.683854 0.495833 0.032292 0.056481
0 0.819271 0.503704 0.035417 0.053704
0 0.846354 0.497222 0.034375 0.053704
0 0.729167 0.501852 0.033333 0.051852
0 0.115599 0.434907 0.046823 0.056111
0 0.964323 0.616667 0.043229 0.044444
0 0.277604 0.727778 0.044792 0.098148
0 0.233333 0.468519 0.048958 0.040741
0 0.388021 0.643981 0.030208 0.078704
0 0.278385 0.488889 0.028646 0.055556
