0 0.822917 0.796759 0.134375 0.158333
0 0.131250 0.790741 0.166667 0.144444
0 0.415365 0.431944 0.059896 0.047222
0 0.291146 0.456481 0.051042 0.040741
0 0.292448 0.408796 0.033854 0.037963
0 0.253646 0.433333 0.041667 0.037037
0 0.571164 0.407255 0.039474 0.032583
0 0.442521 0.374671 0.038771 0.040102
0 0.271937 0.417278 0.031719 0.035093
0 0.310708 0.397231 0.027490 0.030074
0 0.330445 0.391588 0.024672 0.028824
0 0.345245 0.382819 0.027490 0.028824
0 0.355469 0.373417 0.029604 0.030074
0 0.371680 0.365898 0.025380 0.030074
0 0.487547 0.386134 0.031052 0.034028
0 0.261198 0.484722 0.056771 0.049074
