0 0.333672 0.181944 0.031406 0.030556
0 0.252441 0.839847 0.050805 0.167472
0 0.790691 0.029215 0.031352 0.019431
0 0.803613 0.020306 0.028867 0.028000
0 0.398004 0.211319 0.043992 0.038889
0 0.369750 0.157417 0.031000 0.028167
0 0.382812 0.142674 0.034359 0.027958
0 0.399508 0.131542 0.031328 0.024472
0 0.446160 0.094812 0.030086 0.025736
0 0.465621 0.084201 0.027320 0.021986
0 0.484031 0.071826 0.024328 0.020847
0 0.493461 0.059806 0.031484 0.027306
0 0.562004 0.164632 0.041977 0.033958
0 0.588520 0.136160 0.039898 0.031625
0 0.481281 0.152312 0.040453 0.037292
0 0.506473 0.137160 0.037273 0.034292
0 0.522863 0.118847 0.042711 0.036972
0 0.542250 0.108861 0.035406 0.028306
0 0.558359 0.092847 0.036906 0.029028
0 0.575594 0.078722 0.031656 0.030639
0 0.443164 0.153972 0.035031 0.028639
0 0.462172 0.132667 0.031469 0.025972
0 0.495609 0.109687 0.029406 0.022653
0 0.192422 0.927986 0.048906 0.132917
0 0.788406 0.038069 0.027516 0.023306
0 0.543242 0.070931 0.032781 0.025306
0 0.438914 0.166299 0.039109 0.035958
0 0.574473 0.148931 0.047289 0.029417
0 0.522258 0.180604 0.046750 0.038764
0 0.477418 0.194590 0.047430 0.036375
0 0.595762 0.111868 0.040008 0.031569
0 0.619922 0.093896 0.030797 0.031569
0 0.661168 0.068521 0.038664 0.026375
0 0.414242 0.117688 0.030141 0.026014
0 0.431113 0.105903 0.028773 0.026417
0 0.520207 0.050660 0.024367 0.019097
0 0.585422 0.042917 0.033109 0.030000
0 0.359266 0.189944 0.032969 0.031306
0 0.774762 0.042743 0.034414 0.028764
0 0.749035 0.052333 0.026523 0.035167
0 0.776566 0.075111 0.027648 0.039167
0 0.748359 0.151035 0.034172 0.037569
0 0.685469 0.224833 0.042703 0.050778
0 0.639387 0.182660 0.040461 0.048792
0 0.591059 0.237812 0.045852 0.059181
0 0.564441 0.347535 0.069055 0.064792
0 0.138574 0.950924 0.036352 0.080375
0 0.237852 0.717625 0.084828 0.122722
0 0.506043 0.508778 0.097414 0.082028
0 0.157102 0.268174 0.022375 0.029375
0 0.140711 0.266201 0.015609 0.024514
0 0.127707 0.260424 0.016648 0.024514
0 0.115543 0.256257 0.015477 0.026819
