0 0.052047 0.152236 0.011984 0.018917
0 0.092574 0.124660 0.011273 0.021431
1 0.073895 0.174792 0.028898 0.049000
0 0.010340 0.446153 0.020680 0.055139
0 0.841129 0.105243 0.055055 0.037708
0 0.836582 0.122854 0.052867 0.050125
0 0.987430 0.216208 0.023266 0.056389
0 0.952184 0.194278 0.028898 0.060139
0 0.501410 0.429236 0.091633 0.109028
0 0.036184 0.266896 0.029602 0.042736
0 0.039355 0.271972 0.028898 0.042611
0 0.038297 0.284438 0.025375 0.042736
0 0.039707 0.291333 0.021148 0.046500
0 0.055922 0.291333 0.045109 0.074056
0 0.054160 0.311382 0.023258 0.048986
0 0.065082 0.310813 0.033836 0.050125
0 0.676930 0.029424 0.038063 0.043986
1 0.299777 0.107743 0.048008 0.055264
0 0.291320 0.181056 0.039547 0.046500
0 0.104910 0.164139 0.014805 0.025194
0 0.144703 0.137826 0.016984 0.025181
0 0.203945 0.109632 0.019734 0.023931
0 0.134516 0.121535 0.011984 0.020181
