0 0.634746 0.329850 0.021477 0.017200
0 0.362109 0.853750 0.078906 0.110000
0 0.398828 0.815000 0.094531 0.122500
0 0.441016 0.797500 0.085156 0.085000
2 0.718359 0.731250 0.107031 0.155000
0 0.015625 0.750625 0.031250 0.073750
0 0.574219 0.731250 0.073438 0.075000
0 0.662109 0.723125 0.058594 0.073750
0 0.662500 0.663125 0.071875 0.063750
0 0.888285 0.587869 0.039914 0.043612
0 0.931609 0.817638 0.085672 0.066975
0 0.956438 0.758444 0.082750 0.066987
0 0.894129 0.723394 0.045758 0.052963
0 0.888770 0.883063 0.099305 0.060750
0 0.625418 0.680556 0.059383 0.054513
0 0.676531 0.640056 0.070094 0.066988
0 0.704766 0.630706 0.056469 0.051412
0 0.728133 0.619025 0.062312 0.056075
0 0.738352 0.598775 0.059391 0.049850
0 0.756367 0.585531 0.060359 0.048287
0 0.770969 0.569956 0.062312 0.054512
0 0.786063 0.552044 0.053547 0.056088
0 0.807965 0.545812 0.052570 0.056075
0 0.823059 0.540356 0.045758 0.048287
0 0.875141 0.543475 0.035047 0.029600
0 0.906781 0.516213 0.032125 0.034275
0 0.592773 0.706000 0.075391 0.073000
0 0.837711 0.528306 0.042953 0.036088
0 0.843617 0.518863 0.048328 0.037800
0 0.857039 0.505113 0.045109 0.044675
0 0.872609 0.493088 0.039734 0.037800
0 0.883887 0.481056 0.045102 0.034362
0 0.756094 0.360781 0.030063 0.020613
0 0.675555 0.330712 0.023625 0.018900
0 0.771875 0.908750 0.079687 0.090000
0 0.818359 0.743125 0.061719 0.066250
0 0.535547 0.750000 0.082031 0.090000
