0 0.978237 0.251866 0.037359 0.037602
0 0.963435 0.260639 0.045818 0.035093
0 0.956737 0.268787 0.039474 0.041352
0 0.932417 0.271292 0.035948 0.038843
0 0.606055 0.201741 0.051453 0.040093
0 0.942286 0.300111 0.030313 0.053889
0 0.833333 0.389815 0.066667 0.087037
0 0.932031 0.589352 0.109896 0.225000
0 0.703125 0.289815 0.085417 0.066667
0 0.750000 0.443519 0.109375 0.138889
0 0.086458 0.900926 0.172917 0.194444
0 0.419531 0.674537 0.249479 0.308333
0 0.616406 0.559722 0.165104 0.173148
0 0.856771 0.830556 0.165625 0.305556
0 0.755208 0.961111 0.144792 0.074074
0 0.609635 0.250463 0.073438 0.060185
0 0.756510 0.252778 0.051562 0.050000
0 0.721094 0.240278 0.057813 0.047222
0 0.680419 0.226176 0.050755 0.056389
0 0.643062 0.211144 0.050750 0.051380
0 0.920435 0.318907 0.038766 0.056389
