0 0.927867 0.054493 0.021141 0.031458
0 0.073543 0.124667 0.026789 0.038972
0 0.083410 0.092708 0.026789 0.030194
0 0.061914 0.079618 0.026078 0.036347
0 0.037203 0.117146 0.021922 0.033958
0 0.906367 0.021972 0.020438 0.033833
0 0.886633 0.010049 0.019031 0.020097
0 0.113723 0.030056 0.016914 0.025194
0 0.098215 0.138514 0.032430 0.046361
0 0.797816 0.052674 0.035945 0.042597
0 0.888742 0.034458 0.024672 0.031417
0 0.132656 0.027569 0.023750 0.025417
0 0.849609 0.057639 0.032031 0.051389
0 0.915625 0.163889 0.034375 0.058333
0 0.623437 0.112500 0.079687 0.066667
0 0.899609 0.091667 0.027344 0.041667
0 0.813672 0.086806 0.038281 0.054167
0 0.259375 0.018750 0.042188 0.037500
0 0.135937 0.151389 0.042188 0.058333
0 0.825781 0.225000 0.056250 0.086111
0 0.173047 0.118056 0.041406 0.055556
0 0.742188 0.084028 0.050000 0.051389
0 0.488672 0.113889 0.092969 0.075000
0 0.363672 0.524306 0.146094 0.176389
0 0.756641 0.140972 0.053906 0.073611
0 0.519141 0.269444 0.058594 0.105556
0 0.666406 0.232639 0.089063 0.109722
0 0.075781 0.820139 0.151562 0.218056
0 0.860512 0.020722 0.024742 0.031333
0 0.828477 0.037007 0.031016 0.038847
