0 0.027359 0.308861 0.041656 0.043861
0 0.542633 0.232410 0.036016 0.051375
0 0.022332 0.221764 0.044664 0.075194
0 0.214508 0.285042 0.057875 0.043861
0 0.488004 0.221764 0.038133 0.042611
0 0.424918 0.212993 0.062805 0.050125
0 0.454172 0.204215 0.048000 0.040097
0 0.465445 0.174139 0.059281 0.042611
0 0.484480 0.160986 0.042367 0.036333
0 0.489414 0.145319 0.048000 0.035083
0 0.500691 0.134667 0.045180 0.036333
0 0.518316 0.127153 0.038133 0.031333
0 0.570160 0.081410 0.016211 0.027569
0 0.157410 0.594569 0.081836 0.146611
0 0.246262 0.692944 0.090227 0.167917
0 0.075648 0.748076 0.134000 0.140347
0 0.019512 0.880910 0.039023 0.147875
0 0.479195 0.523771 0.085359 0.107764
0 0.908859 0.447326 0.073312 0.062653
0 0.142965 0.332042 0.068445 0.057639
0 0.020219 0.340181 0.040438 0.053889
