0 0.239215 0.733042 0.059211 0.087722
0 0.367152 0.845819 0.057102 0.100250
0 0.389324 0.779403 0.056461 0.090222
0 0.443953 0.758736 0.065625 0.088972
0 0.479543 0.715500 0.062102 0.087722
0 0.505629 0.667882 0.069148 0.095236
0 0.538758 0.634674 0.066328 0.083958
0 0.559199 0.593319 0.060695 0.078944
2 0.586688 0.554465 0.077609 0.093986
0 0.531000 0.315118 0.046594 0.058903
0 0.619469 0.528785 0.058578 0.062653
0 0.640262 0.486799 0.063508 0.073931
0 0.653652 0.454847 0.057867 0.067667
0 0.830578 0.150958 0.039547 0.046361
0 0.702680 0.013111 0.026078 0.021306
1 0.658590 0.204847 0.036727 0.056389
