0 0.334691 0.484924 0.093820 0.095236
0 0.744973 0.057604 0.033133 0.047625
0 0.682813 0.158333 0.051562 0.055556
0 0.015285 0.862111 0.030570 0.087722
0 0.777344 0.061806 0.034375 0.043056
0 0.101914 0.822986 0.089453 0.101528
0 0.357484 0.627222 0.103906 0.098611
0 0.646094 0.137500 0.050000 0.058333
0 0.581250 0.191667 0.060937 0.075000
0 0.498047 0.324306 0.078906 0.081944
0 0.902344 0.620139 0.118750 0.156944
0 0.630469 0.245833 0.064062 0.069444
0 0.511719 0.253472 0.067187 0.079167
0 0.696094 0.095139 0.043750 0.051389
