0 0.749141 0.576486 0.020516 0.032583
0 0.693844 0.590917 0.029609 0.031278
0 0.594418 0.547660 0.016992 0.035097
0 0.641645 0.537007 0.024039 0.028819
0 0.630367 0.517583 0.033906 0.022556
0 0.678336 0.526986 0.031016 0.023806
0 0.699484 0.523854 0.014094 0.025069
1 0.712137 0.580243 0.056461 0.057653
0 0.755488 0.568958 0.031789 0.032583
0 0.766766 0.563951 0.026156 0.032569
1 0.713934 0.544528 0.045820 0.026306
0 0.750590 0.542021 0.027492 0.023819
0 0.785832 0.550167 0.027492 0.027556
1 0.776316 0.528236 0.032430 0.026306
0 0.808738 0.540764 0.028195 0.031333
0 0.121086 0.614076 0.027563 0.045125
0 0.058707 0.612826 0.025445 0.047625
0 0.031602 0.618465 0.023266 0.041347
0 0.008574 0.618458 0.017148 0.053889
0 0.036891 0.913576 0.073313 0.102764
0 0.071078 0.876604 0.082469 0.081458
0 0.305098 0.862194 0.110664 0.102750
0 0.454535 0.921701 0.074008 0.156597
0 0.637418 0.620972 0.032492 0.043861
0 0.615215 0.629118 0.033195 0.047625
1 0.574016 0.605306 0.038063 0.042611
0 0.589840 0.636007 0.031789 0.036347
0 0.541941 0.615333 0.033133 0.035083
0 0.564145 0.651674 0.046523 0.052625
0 0.535242 0.652299 0.043703 0.028819
0 0.518328 0.618465 0.039469 0.038847
0 0.536305 0.526354 0.024672 0.030069
2 0.506309 0.568965 0.055055 0.050125
0 0.491859 0.530743 0.034609 0.023819
0 0.444984 0.535757 0.032500 0.026319
0 0.403043 0.542653 0.040242 0.032583
0 0.367480 0.545778 0.022555 0.031333
2 0.467574 0.647910 0.091633 0.112792
0 0.524988 0.700549 0.076898 0.082708
0 0.429477 0.683625 0.048000 0.058889
1 0.378371 0.678618 0.055758 0.106514
1 0.358281 0.614083 0.070563 0.057667
2 0.314578 0.668590 0.073375 0.139097
1 0.229676 0.698660 0.052867 0.136597
0 0.090426 0.668590 0.039539 0.051375
0 0.062617 0.664826 0.035953 0.048875
0 0.035496 0.654806 0.036617 0.036333
0 0.010691 0.664826 0.021383 0.036347
0 0.025609 0.703674 0.049344 0.068931
0 0.048133 0.721847 0.042359 0.067667
0 0.084434 0.725604 0.047305 0.072681
2 0.092574 0.607812 0.028195 0.047625
0 0.146500 0.605931 0.023266 0.041361
0 0.667762 0.567708 0.022555 0.025056
0 0.652961 0.575854 0.026781 0.031319
0 0.625789 0.552674 0.033203 0.032569
0 0.679359 0.601542 0.034609 0.042611
0 0.633891 0.584000 0.039547 0.035083
0 0.656449 0.611569 0.033898 0.042611
0 0.608199 0.586507 0.044414 0.035097
0 0.592660 0.600292 0.031789 0.030083
