0 0.797781 0.011924 0.028969 0.023847
0 0.121121 0.263139 0.014805 0.025194
0 0.142621 0.267521 0.015508 0.031458
0 0.158836 0.270653 0.023969 0.037722
0 0.187719 0.280681 0.025344 0.035222
0 0.223348 0.266278 0.026117 0.036444
0 0.248375 0.271910 0.026750 0.035208
0 0.303336 0.320215 0.043703 0.046375
0 0.892270 0.682965 0.109258 0.122875
0 0.222629 0.892271 0.052867 0.192986
0 0.166238 0.945507 0.052867 0.108986
0 0.109105 0.810194 0.064211 0.111528
0 0.391094 0.212347 0.041594 0.041417
0 0.362863 0.158562 0.031789 0.028819
0 0.425984 0.167333 0.036656 0.036333
0 0.467223 0.164139 0.035945 0.035222
0 0.382602 0.143458 0.033203 0.026444
0 0.402340 0.129056 0.031789 0.027694
0 0.421758 0.110882 0.036656 0.031458
0 0.440754 0.098972 0.024039 0.027694
0 0.456613 0.088944 0.031789 0.027694
0 0.471063 0.077049 0.026859 0.023931
0 0.485551 0.069528 0.023258 0.023944
0 0.495031 0.059507 0.029672 0.021431
0 0.523262 0.052611 0.028195 0.020167
0 0.486254 0.196153 0.048633 0.033833
0 0.530312 0.179861 0.038062 0.033833
0 0.561328 0.166708 0.043703 0.040111
0 0.573625 0.149167 0.047297 0.045111
0 0.597980 0.108437 0.029602 0.041347
0 0.483398 0.150979 0.036016 0.031458
0 0.355848 0.186069 0.034539 0.041472
0 0.503844 0.137826 0.034609 0.032708
0 0.521109 0.125917 0.035313 0.031444
0 0.535914 0.112132 0.035313 0.031458
0 0.554629 0.096465 0.035945 0.032708
0 0.566961 0.085187 0.038063 0.032708
0 0.576797 0.075167 0.032500 0.027694
0 0.632164 0.222493 0.044406 0.061375
0 0.607141 0.206743 0.042297 0.057764
0 0.677984 0.170403 0.043000 0.060278
0 0.651551 0.156618 0.039477 0.052764
0 0.713230 0.136569 0.034539 0.042722
0 0.739664 0.102799 0.031016 0.045125
0 0.788652 0.052611 0.026086 0.035222
0 0.761160 0.039451 0.024664 0.036458
0 0.780863 0.027014 0.024742 0.021250
0 0.789324 0.021910 0.024742 0.023931
