0 0.399508 0.131542 0.031328 0.024472
1 0.908203 0.647222 0.182031 0.252778
0 0.802344 0.052778 0.026562 0.036111
0 0.195703 0.911806 0.055469 0.165278
0 0.398004 0.211319 0.043992 0.038889
0 0.333672 0.181944 0.031406 0.030556
0 0.252441 0.839847 0.050805 0.167472
0 0.782883 0.038687 0.033172 0.024542
0 0.790691 0.029215 0.031352 0.019431
0 0.803613 0.020306 0.028867 0.028000
0 0.369750 0.157417 0.031000 0.028167
0 0.382812 0.142674 0.034359 0.027958
0 0.446160 0.094812 0.030086 0.025736
0 0.465621 0.084201 0.027320 0.021986
0 0.484031 0.071826 0.024328 0.020847
0 0.493461 0.059806 0.031484 0.027306
0 0.562004 0.164632 0.041977 0.033958
0 0.588520 0.136160 0.039898 0.031625
0 0.481281 0.152312 0.040453 0.037292
0 0.506473 0.137160 0.037273 0.034292
0 0.522863 0.118847 0.042711 0.036972
0 0.542250 0.108861 0.035406 0.028306
0 0.558359 0.092847 0.036906 0.029028
0 0.575594 0.078722 0.031656 0.030639
0 0.540004 0.075722 0.032773 0.025306
0 0.443164 0.153972 0.035031 0.028639
0 0.462172 0.132667 0.031469 0.025972
0 0.495609 0.109687 0.029406 0.022653
