0 0.275391 0.473611 0.067969 0.105556
0 0.051953 0.750694 0.103906 0.129167
0 0.210547 0.393750 0.078906 0.090278
0 0.587500 0.361806 0.089063 0.073611
0 0.362500 0.541667 0.079687 0.138889
0 0.155859 0.600694 0.083594 0.154167
0 0.947266 0.486806 0.077344 0.062500
0 0.342187 0.318750 0.075000 0.054167
0 0.020313 0.873611 0.040625 0.138889
0 0.079297 0.348611 0.075781 0.063889
0 0.129297 0.320833 0.067969 0.066667
0 0.378125 0.298611 0.073438 0.061111
0 0.442188 0.280556 0.045312 0.063889
0 0.729297 0.423611 0.088281 0.055556
0 0.017504 0.308882 0.020445 0.043986
1 0.017117 0.219910 0.024031 0.066542
0 0.438324 0.217396 0.052867 0.043986
0 0.455945 0.205493 0.035953 0.032708
0 0.461582 0.186042 0.051461 0.034028
0 0.466871 0.174167 0.054977 0.037722
0 0.492563 0.154736 0.043063 0.028944
0 0.503875 0.142840 0.030313 0.022681
0 0.509516 0.133438 0.037359 0.028958
0 0.517977 0.191083 0.024672 0.041472
2 0.505641 0.100229 0.057797 0.055264
0 0.566613 0.111507 0.014805 0.025181
