0 0.861605 0.107750 0.022555 0.040222
0 0.239453 0.177778 0.052344 0.077778
0 0.061562 0.859583 0.114375 0.153056
0 0.664062 0.135417 0.043750 0.059722
0 0.754297 0.206944 0.047656 0.075000
0 0.714063 0.107639 0.043750 0.048611
0 0.184375 0.186111 0.057813 0.080556
0 0.791406 0.172222 0.040625 0.055556
0 0.812891 0.072222 0.042969 0.072222
0 0.816406 0.145139 0.039062 0.056944
0 0.885938 0.028472 0.021875 0.029167
0 0.841406 0.128333 0.029687 0.051667
0 0.843984 0.038819 0.022563 0.027694
0 0.878875 0.091458 0.020437 0.035222
0 0.890508 0.081437 0.018328 0.032708
0 0.139770 0.107125 0.032492 0.051500
0 0.177164 0.085187 0.043703 0.077819
0 0.149672 0.043271 0.031016 0.048875
0 0.119324 0.065764 0.029680 0.051500
0 0.107379 0.038257 0.023961 0.038847
0 0.084375 0.969174 0.112500 0.061653
