0 0.380855 0.016896 0.026867 0.033792
0 0.353016 0.115868 0.034609 0.051375
0 0.338922 0.070111 0.026156 0.037556
0 0.311816 0.047576 0.028195 0.045125
0 0.340332 0.046319 0.024742 0.035083
0 0.153906 0.568750 0.121875 0.112500
0 0.215234 0.396528 0.094531 0.087500
0 0.314641 0.011882 0.018328 0.023764
0 0.330496 0.021889 0.021852 0.033833
0 0.845313 0.215278 0.056250 0.052778
0 0.917969 0.192361 0.050000 0.054167
0 0.031250 0.489583 0.059375 0.062500
0 0.403125 0.315278 0.096875 0.075000
0 0.195703 0.468750 0.114844 0.090278
0 0.364844 0.390972 0.100000 0.104167
0 0.716016 0.633333 0.108594 0.166667
0 0.948438 0.831250 0.103125 0.179167
0 0.428441 0.068882 0.027555 0.037597
0 0.460160 0.098333 0.037430 0.043861
1 0.876047 0.077653 0.051531 0.055139
1 0.839781 0.170382 0.069078 0.075181
0 0.942691 0.122764 0.033836 0.042611
0 0.982625 0.139687 0.034750 0.031319
1 0.009996 0.528778 0.019992 0.110278
0 0.615234 0.241667 0.066406 0.080556
0 0.970703 0.175000 0.041406 0.050000
0 0.426563 0.140278 0.045312 0.061111
0 0.869141 0.890278 0.121094 0.180556
0 0.403125 0.184722 0.048438 0.075000
0 0.533152 0.006868 0.038070 0.013736
0 0.388969 0.110229 0.040250 0.050125
0 0.397812 0.071389 0.038062 0.052639
0 0.420336 0.029410 0.046594 0.038847
0 0.450996 0.010632 0.026148 0.021264
