0 0.538336 0.753131 0.073625 0.085337
0 0.014273 0.751194 0.028547 0.073937
0 0.557527 0.726131 0.090070 0.083962
0 0.592812 0.698000 0.074484 0.080325
0 0.629191 0.687281 0.067352 0.068912
0 0.804238 0.860275 0.071273 0.089100
0 0.866504 0.785775 0.064227 0.080200
0 0.955398 0.757519 0.080672 0.071563
0 0.928805 0.825125 0.080594 0.078950
0 0.915492 0.868363 0.107375 0.090225
0 0.890781 0.906019 0.100250 0.085338
0 0.833293 0.969956 0.113570 0.060088
1 0.497613 0.770675 0.101820 0.112900
0 0.440043 0.800750 0.077539 0.082825
0 0.397754 0.815163 0.091633 0.116675
0 0.366816 0.876569 0.084586 0.086587
0 0.328828 0.975594 0.099469 0.048812
0 0.795230 0.614250 0.047930 0.052775
0 0.735551 0.663875 0.054508 0.067825
0 0.660520 0.669175 0.072055 0.072800
0 0.705473 0.633869 0.054508 0.055638
0 0.888277 0.477481 0.040414 0.034588
0 0.874180 0.491688 0.038531 0.039250
0 0.858203 0.495531 0.044172 0.034588
0 0.855383 0.506725 0.044172 0.039250
0 0.848805 0.521019 0.044172 0.043762
0 0.826715 0.520338 0.041352 0.039100
0 0.824363 0.539806 0.047930 0.045262
0 0.804625 0.548831 0.049812 0.045263
0 0.783949 0.552669 0.053570 0.058637
0 0.768445 0.570713 0.054516 0.049625
0 0.752938 0.584250 0.057328 0.052625
0 0.737430 0.598537 0.058266 0.051125
0 0.728969 0.612819 0.063906 0.040613
0 0.675402 0.642144 0.065789 0.072188
