0 0.601289 0.201134 0.044818 0.036602
0 0.551687 0.597579 0.159635 0.185750
0 0.683263 0.495241 0.127703 0.141037
0 0.297242 0.801917 0.268964 0.291722
0 0.786708 0.860278 0.203313 0.279444
0 0.915146 0.324954 0.046792 0.058426
0 0.721539 0.285079 0.083078 0.079787
0 0.047924 0.924028 0.094370 0.123259
0 0.949237 0.618458 0.088589 0.176324
0 0.985211 0.486639 0.029578 0.101000
0 0.563581 0.236704 0.064516 0.049648
0 0.633862 0.214468 0.054911 0.046250
0 0.704648 0.229000 0.044297 0.047926
0 0.733536 0.239273 0.052000 0.041083
0 0.943469 0.267505 0.052021 0.042769
0 0.971094 0.262898 0.041406 0.034241
0 0.975909 0.250912 0.039484 0.034231
0 0.985789 0.242352 0.028422 0.030815
0 0.526794 0.174213 0.029068 0.030148
0 0.547385 0.184981 0.050875 0.043074
0 0.578273 0.194671 0.056932 0.049528
