0 0.931063 0.127146 0.038766 0.026319
0 0.968031 0.127153 0.026859 0.041361
0 0.103516 0.435417 0.089844 0.079167
0 0.889453 0.917361 0.116406 0.159722
0 0.724219 0.659028 0.115625 0.173611
0 0.609375 0.349306 0.067187 0.093056
0 0.800781 0.340278 0.059375 0.077778
0 0.825781 0.222222 0.064062 0.063889
0 0.390234 0.163889 0.047656 0.069444
0 0.387594 0.026271 0.031719 0.037597
0 0.421781 0.061986 0.031016 0.041361
0 0.423508 0.018132 0.030375 0.028819
0 0.528219 0.023771 0.047937 0.040097
0 0.478906 0.125694 0.042188 0.048611
0 0.806250 0.535417 0.087500 0.140278
0 0.287859 0.016271 0.021156 0.032542
0 0.297016 0.031917 0.019734 0.033833
0 0.310020 0.050083 0.024742 0.040111
2 0.349848 0.061986 0.045180 0.099000
0 0.988262 0.117750 0.023477 0.035083
0 0.905078 0.160417 0.039844 0.045833
0 0.450391 0.088194 0.039844 0.051389
0 0.780469 0.183333 0.062500 0.063889
0 0.068750 0.518056 0.098437 0.125000
0 0.419922 0.239583 0.044531 0.081944
0 0.321875 0.354167 0.100000 0.091667
0 0.857812 0.174306 0.048438 0.048611
0 0.952344 0.151389 0.034375 0.041667
