0 0.827742 0.500611 0.035245 0.056389
0 0.799544 0.504995 0.035245 0.055139
0 0.762188 0.495597 0.038063 0.058898
0 0.726943 0.498731 0.032427 0.052630
0 0.659979 0.498106 0.033833 0.051380
0 0.304010 0.481815 0.025375 0.061407
0 0.476042 0.649537 0.034375 0.089815
0 0.434062 0.469287 0.021854 0.061407
0 0.472831 0.471167 0.021849 0.050130
0 0.115451 0.434824 0.045818 0.052630
0 0.389302 0.470542 0.022552 0.058898
0 0.171458 0.456019 0.029375 0.050926
0 0.223047 0.485185 0.030469 0.057407
0 0.277865 0.727778 0.040104 0.085185
0 0.970052 0.581019 0.038021 0.043519
0 0.259896 0.482407 0.031250 0.059259
0 0.980990 0.698657 0.038021 0.054537
0 0.325781 0.730093 0.039062 0.080556
0 0.427344 0.639815 0.038021 0.096296
0 0.165625 0.709259 0.043750 0.079630
0 0.970052 0.622222 0.040104 0.046296
0 0.232813 0.634722 0.040625 0.078704
0 0.921068 0.488889 0.037969 0.048148
0 0.993229 0.757870 0.013542 0.047222
0 0.513021 0.638426 0.029167 0.076852
0 0.881120 0.497685 0.036198 0.045370
0 0.980482 0.664773 0.039036 0.033843
0 0.858755 0.504370 0.036656 0.053889
1 0.027865 0.435648 0.055729 0.078704
0 0.384115 0.636574 0.035937 0.091667
0 0.198437 0.713889 0.042708 0.087037
0 0.374219 0.756481 0.041146 0.105556
0 0.349479 0.635185 0.033333 0.079630
0 0.308594 0.629630 0.035937 0.085185
