0 0.632031 0.331250 0.075000 0.093056
0 0.517188 0.315278 0.092188 0.094444
0 0.763281 0.715972 0.126562 0.190278
0 0.668359 0.406944 0.089844 0.097222
0 0.283203 0.588889 0.136719 0.130556
0 0.876398 0.166625 0.046594 0.045111
0 0.939520 0.149708 0.034539 0.033833
0 0.973000 0.164118 0.049344 0.067681
0 0.895820 0.928549 0.119125 0.142903
0 0.370703 0.147917 0.044531 0.065278
0 0.928906 0.187500 0.042188 0.050000
0 0.885547 0.202778 0.047656 0.055556
0 0.977734 0.853819 0.044531 0.118750
0 0.879922 0.306944 0.060469 0.072222
0 0.626953 0.245139 0.078906 0.068056
0 0.344949 0.065743 0.022555 0.038847
0 0.336840 0.045069 0.027492 0.040111
0 0.349848 0.016271 0.024039 0.032542
0 0.309668 0.051340 0.025445 0.040097
0 0.419141 0.370833 0.107031 0.100000
0 0.227344 0.523611 0.101562 0.102778
0 0.155859 0.476389 0.105469 0.125000
0 0.300391 0.414583 0.110156 0.120833
0 0.048828 0.605556 0.097656 0.122222
0 0.407031 0.139583 0.039062 0.056944
0 0.228516 0.390278 0.089844 0.091667
2 0.818359 0.224028 0.091406 0.076944
0 0.804852 0.174146 0.059984 0.052625
0 0.483422 0.124611 0.047297 0.056333
0 0.528219 0.022514 0.049344 0.037583
0 0.451035 0.088924 0.038773 0.050125
0 0.422473 0.062611 0.032445 0.042611
0 0.347062 0.103965 0.029609 0.050125
0 0.387559 0.025021 0.030383 0.037597
0 0.035156 0.528472 0.070312 0.062500
0 0.514062 0.189583 0.067187 0.068056
0 0.423508 0.018750 0.028969 0.032583
0 0.321336 0.020007 0.024672 0.035097
