0 0.655859 0.379167 0.141406 0.111111
0 0.411719 0.232639 0.098437 0.093056
0 0.258594 0.154167 0.062500 0.077778
0 0.053770 0.030681 0.018398 0.028944
0 0.851953 0.149306 0.046094 0.070833
0 0.297266 0.069444 0.060156 0.050000
0 0.146484 0.109722 0.036719 0.047222
0 0.632812 0.266667 0.114062 0.088889
0 0.198047 0.122917 0.046094 0.056944
0 0.116797 0.097222 0.032031 0.041667
0 0.819141 0.081250 0.039844 0.059722
0 0.772266 0.110694 0.055469 0.070278
0 0.370703 0.043056 0.039844 0.055556
0 0.867461 0.052083 0.029141 0.041111
0 0.805859 0.038194 0.036719 0.051389
0 0.078125 0.065278 0.023438 0.033333
0 0.099234 0.139701 0.036016 0.041486
0 0.115449 0.027549 0.020508 0.025181
0 0.292059 0.031993 0.026789 0.036347
0 0.321980 0.030743 0.045883 0.041347
0 0.341367 0.039514 0.039547 0.046361
0 0.846063 0.068278 0.028266 0.041472
0 0.835488 0.028236 0.025445 0.041361
0 0.889418 0.030056 0.031789 0.057778
0 0.855582 0.018840 0.024742 0.030069
0 0.775258 0.065201 0.043000 0.040097
0 0.631641 0.654167 0.171094 0.272222
