0 0.592969 0.375000 0.071875 0.080556
0 0.646094 0.509028 0.082812 0.106944
0 0.410938 0.319444 0.064062 0.088889
0 0.426953 0.231944 0.063281 0.069444
0 0.684375 0.053472 0.023438 0.048611
0 0.792578 0.518750 0.078906 0.101389
0 0.749453 0.079653 0.031719 0.050972
0 0.023164 0.732847 0.036172 0.067639
0 0.636328 0.024167 0.049219 0.043333
0 0.795703 0.387500 0.066406 0.088889
0 0.170313 0.963889 0.070312 0.069444
0 0.306641 0.138194 0.049219 0.059722
0 0.838699 0.148479 0.028898 0.066542
0 0.516926 0.058875 0.045102 0.052750
0 0.419996 0.014431 0.041586 0.028861
0 0.487664 0.032563 0.041594 0.052764
0 0.088680 0.010049 0.024703 0.020097
0 0.869680 0.183563 0.027562 0.054014
0 0.778789 0.096806 0.031328 0.049167
0 0.539453 0.079167 0.047656 0.055556
0 0.461016 0.023611 0.050156 0.044444
2 0.128516 0.082639 0.074219 0.106944
0 0.760457 0.694903 0.048633 0.081444
0 0.033012 0.028174 0.020445 0.031458
