0 0.317773 0.394755 0.024672 0.032583
0 0.333630 0.389727 0.025375 0.032602
0 0.296271 0.404778 0.036656 0.042611
0 0.230367 0.432972 0.028901 0.038852
0 0.251865 0.496255 0.053573 0.052639
0 0.826701 0.797634 0.140276 0.156639
0 0.467911 0.380278 0.027490 0.041481
0 0.383677 0.359037 0.023969 0.026315
0 0.363937 0.372819 0.019729 0.031324
0 0.254674 0.451769 0.038047 0.033833
0 0.448880 0.377144 0.019031 0.030194
0 0.375573 0.463671 0.052865 0.040102
0 0.270190 0.481782 0.043703 0.043991
0 0.425268 0.503148 0.056391 0.068926
0 0.374523 0.367185 0.018349 0.025074
0 0.345263 0.380338 0.030307 0.036343
0 0.275125 0.417306 0.028198 0.037593
0 0.254682 0.423574 0.025375 0.025056
0 0.490820 0.384037 0.028193 0.041481
0 0.430555 0.372755 0.020443 0.031454
0 0.583865 0.405403 0.042292 0.036343
