0 0.542293 0.108375 0.036648 0.028944
0 0.192668 0.921097 0.047930 0.152889
0 0.623707 0.209250 0.044414 0.050250
0 0.818969 0.066389 0.021844 0.027694
0 0.208141 0.394090 0.036719 0.048986
0 0.257836 0.335819 0.034609 0.040222
0 0.189852 0.349604 0.031016 0.040236
0 0.098215 0.275042 0.014102 0.026444
0 0.083414 0.295090 0.012687 0.021431
1 0.060113 0.273785 0.016992 0.033958
0 0.070688 0.260632 0.009937 0.015153
2 0.041434 0.259375 0.013461 0.030194
0 0.051656 0.248722 0.009938 0.016417
0 0.398496 0.212382 0.043695 0.041486
0 0.334352 0.182931 0.031016 0.027694
0 0.369910 0.158500 0.031789 0.028944
0 0.383305 0.143458 0.033203 0.026444
0 0.480930 0.152861 0.040953 0.037722
0 0.443574 0.151611 0.035320 0.030194
0 0.562699 0.163514 0.042367 0.036472
0 0.505957 0.136576 0.038836 0.032708
0 0.521852 0.118403 0.043703 0.038972
0 0.558508 0.093333 0.036656 0.028944
0 0.575387 0.076417 0.032492 0.025194
0 0.467930 0.125354 0.030313 0.027569
0 0.500000 0.107181 0.038063 0.031333
0 0.446078 0.094597 0.030312 0.026417
0 0.465813 0.083937 0.028906 0.020181
0 0.483437 0.071410 0.026078 0.020181
0 0.493656 0.060132 0.031016 0.025181
0 0.770992 0.045722 0.036016 0.028944
0 0.824602 0.036319 0.020437 0.025194
0 0.788617 0.037569 0.026156 0.025194
0 0.793234 0.029424 0.029609 0.021431
0 0.803102 0.021910 0.026781 0.021431
