1 0.617969 0.402083 0.128125 0.165278
0 0.239453 0.134722 0.025781 0.033333
0 0.014453 0.463194 0.028906 0.068056
0 0.953887 0.195708 0.029180 0.051861
0 0.587406 0.098347 0.042297 0.041472
0 0.149668 0.135313 0.015508 0.022681
1 0.101031 0.187319 0.031016 0.049000
0 0.042883 0.270653 0.031719 0.047750
0 0.068039 0.310243 0.036578 0.049653
2 0.055570 0.292583 0.044406 0.074056
0 0.734375 0.337500 0.089063 0.083333
0 0.689063 0.265278 0.076563 0.063889
0 0.985938 0.515972 0.028125 0.079167
0 0.396094 0.300000 0.057813 0.066667
0 0.282422 0.246528 0.039844 0.048611
0 0.465625 0.231250 0.062500 0.059722
0 0.955469 0.730556 0.089063 0.163889
0 0.040414 0.288826 0.029609 0.054014
0 0.254297 0.169444 0.033594 0.033333
0 0.206250 0.154861 0.026562 0.031944
