0 0.656250 0.808125 0.082812 0.093750
0 0.445703 0.799375 0.091406 0.088750
0 0.364844 0.856875 0.085938 0.108750
0 0.955469 0.758750 0.082812 0.072500
0 0.488281 0.775000 0.090625 0.087500
0 0.564844 0.719375 0.092188 0.073750
0 0.728660 0.621556 0.059523 0.052763
0 0.705551 0.637800 0.054039 0.052600
0 0.676574 0.644044 0.066570 0.075187
0 0.628406 0.682394 0.056391 0.063912
0 0.832434 0.970581 0.116695 0.058838
0 0.870848 0.950500 0.096414 0.093850
0 0.910832 0.860969 0.091633 0.085212
0 0.928125 0.822500 0.085938 0.077500
0 0.886328 0.908125 0.107031 0.091250
0 0.014844 0.752500 0.029687 0.077500
0 0.659375 0.669375 0.081250 0.071250
0 0.596875 0.695000 0.087500 0.085000
0 0.397266 0.815000 0.103906 0.125000
0 0.769531 0.902500 0.076563 0.090000
0 0.737664 0.354575 0.027406 0.017550
0 0.808938 0.370869 0.038375 0.025063
0 0.953047 0.422994 0.025844 0.028813
0 0.833215 0.392231 0.035242 0.025188
0 0.890391 0.479256 0.044641 0.033837
0 0.872770 0.491856 0.040727 0.036463
0 0.856715 0.501944 0.046211 0.043863
0 0.844574 0.523244 0.051695 0.043862
0 0.833254 0.530706 0.047852 0.036213
0 0.874766 0.548244 0.033750 0.036463
0 0.822266 0.541369 0.052500 0.040262
0 0.809328 0.548812 0.043859 0.040100
0 0.785438 0.554506 0.055609 0.054012
0 0.769777 0.570113 0.058742 0.050125
0 0.753723 0.585775 0.059523 0.041350
0 0.738840 0.599625 0.061086 0.046500
0 0.658203 0.738750 0.074219 0.075000
0 0.824219 0.836250 0.067187 0.082500
0 0.537109 0.750625 0.086719 0.088750
