0 0.861375 0.418792 0.041062 0.035639
0 0.851117 0.454833 0.042000 0.033139
0 0.846457 0.474715 0.044789 0.036458
0 0.839230 0.490465 0.042461 0.039764
0 0.831309 0.512833 0.046195 0.043083
0 0.815230 0.564625 0.050383 0.042250
0 0.804273 0.588653 0.048984 0.042250
0 0.775465 0.332646 0.016430 0.034542
0 0.747437 0.324910 0.018359 0.032819
0 0.728109 0.318903 0.022234 0.037972
1 0.267969 0.490972 0.100000 0.126389
0 0.439063 0.811806 0.064062 0.070833
0 0.482031 0.764583 0.068750 0.073611
0 0.377344 0.911806 0.075000 0.093056
0 0.396875 0.868750 0.070312 0.081944
0 0.250391 0.762500 0.050781 0.063889
0 0.669141 0.747917 0.033594 0.081944
0 0.127734 0.903472 0.066406 0.123611
1 0.175000 0.708333 0.104688 0.163889
0 0.338672 0.667361 0.047656 0.048611
0 0.324609 0.965972 0.074219 0.065278
0 0.510156 0.728472 0.059375 0.068056
0 0.387109 0.586111 0.047656 0.052778
0 0.740625 0.765278 0.075000 0.077778
0 0.540234 0.564583 0.058594 0.051389
0 0.783984 0.654861 0.058594 0.056944
0 0.596875 0.604861 0.057813 0.056944
0 0.200000 0.829861 0.037500 0.070833
0 0.757031 0.729167 0.062500 0.072222
0 0.622266 0.567361 0.057031 0.051389
0 0.593359 0.487500 0.053906 0.050000
0 0.660547 0.515972 0.055469 0.048611
0 0.792969 0.626389 0.062500 0.066667
1 0.371094 0.220833 0.053125 0.036111
0 0.517188 0.425000 0.042188 0.038889
0 0.828516 0.537639 0.050781 0.044167
2 0.433770 0.511340 0.056133 0.065458
0 0.464207 0.485569 0.039727 0.037972
0 0.386937 0.478694 0.041562 0.051722
0 0.465223 0.391062 0.029961 0.034542
0 0.457977 0.372160 0.027062 0.031097
0 0.553652 0.371306 0.036727 0.032806
0 0.536258 0.324049 0.025125 0.031097
0 0.567621 0.359278 0.031992 0.025944
2 0.584535 0.335222 0.044555 0.046556
0 0.600484 0.470979 0.047453 0.032792
0 0.610148 0.453785 0.043594 0.032819
0 0.615445 0.429729 0.046516 0.032819
0 0.642043 0.391924 0.053258 0.043125
0 0.626094 0.415979 0.042625 0.032819
0 0.693266 0.476972 0.041656 0.041417
0 0.706797 0.457215 0.043594 0.039681
0 0.710180 0.435736 0.042625 0.034528
0 0.720809 0.420271 0.038758 0.031097
0 0.738207 0.403951 0.038758 0.036264
0 0.420699 0.250465 0.022992 0.017347
0 0.412691 0.259757 0.020898 0.018569
0 0.358703 0.256042 0.022984 0.021056
0 0.333277 0.257896 0.020898 0.019819
0 0.309246 0.254799 0.018805 0.016097
0 0.446828 0.236847 0.025094 0.019806
0 0.590316 0.208979 0.022289 0.026014
0 0.609469 0.224465 0.020203 0.022292
0 0.679477 0.169354 0.011141 0.018569
0 0.625488 0.230653 0.017414 0.022278
0 0.597977 0.251701 0.019500 0.024764
0 0.812172 0.280806 0.034125 0.028472
0 0.770727 0.274611 0.027859 0.021056
0 0.768289 0.282660 0.027172 0.022292
0 0.731023 0.266569 0.027859 0.014861
0 0.729629 0.277097 0.030648 0.023528
0 0.868363 0.397667 0.040133 0.036444
