0 0.832004 0.079549 0.035242 0.046486
0 0.808035 0.040076 0.038070 0.042736
0 0.770324 0.070785 0.040180 0.043986
0 0.907426 0.023167 0.021148 0.028944
0 0.440789 0.064514 0.050750 0.049000
0 0.856285 0.056375 0.034617 0.040222
1 0.677980 0.474292 0.165648 0.352250
0 0.591633 0.140951 0.094453 0.066542
0 0.565555 0.110319 0.070484 0.047611
0 0.270559 0.152236 0.054273 0.059028
0 0.798520 0.105868 0.041586 0.051514
0 0.132367 0.155993 0.041656 0.059014
0 0.884480 0.048229 0.026148 0.033958
0 0.394969 0.136569 0.074719 0.060278
0 0.860516 0.027611 0.027562 0.025056
