0 0.710589 0.237106 0.059208 0.048120
0 0.667872 0.223574 0.056672 0.060148
0 0.626849 0.210792 0.040604 0.040602
0 0.600625 0.205449 0.037219 0.042250
0 0.567214 0.194171 0.046521 0.040750
0 0.541417 0.183648 0.047365 0.037741
0 0.802865 0.418519 0.110937 0.112963
0 0.062760 0.885185 0.125521 0.224074
0 0.694531 0.496296 0.108854 0.144444
0 0.951302 0.613426 0.090104 0.173148
0 0.556250 0.575926 0.194792 0.246296
0 0.842708 0.794444 0.164583 0.303704
0 0.310156 0.802778 0.277604 0.288889
0 0.719531 0.285648 0.088021 0.080556
0 0.939818 0.272366 0.057521 0.040750
0 0.916667 0.322685 0.043750 0.058333
0 0.628385 0.258333 0.077604 0.059259
0 0.717187 0.982407 0.088542 0.033333
0 0.936458 0.274074 0.043750 0.046296
0 0.752036 0.252894 0.052448 0.055639
0 0.964349 0.265602 0.033833 0.036241
0 0.966888 0.258083 0.038911 0.036241
0 0.981268 0.249056 0.035526 0.036241
