0 0.646232 0.558259 0.083880 0.086463
0 0.853958 0.537500 0.030833 0.049074
0 0.669505 0.716667 0.099427 0.109259
0 0.157292 0.618519 0.048958 0.079630
0 0.863099 0.468056 0.022031 0.032407
0 0.081266 0.788204 0.081771 0.147870
0 0.450273 0.856500 0.126172 0.181704
0 0.813643 0.529435 0.031016 0.046370
0 0.888714 0.426681 0.013396 0.023806
0 0.860167 0.435454 0.016917 0.026315
0 0.797784 0.495597 0.034536 0.043861
0 0.224711 0.419157 0.011984 0.018796
0 0.234578 0.442343 0.013396 0.025056
0 0.789813 0.569120 0.041146 0.064815
0 0.213594 0.792593 0.115729 0.166667
0 0.848177 0.770000 0.098437 0.121111
0 0.741198 0.635185 0.067813 0.083333
0 0.867969 0.670833 0.096354 0.076852
