0 0.755863 0.396576 0.045180 0.083958
0 0.715367 0.669132 0.044406 0.120292
0 0.824625 0.758729 0.062734 0.146625
0 0.720301 0.520639 0.034539 0.109028
1 0.037488 0.518132 0.074977 0.181708
0 0.704758 0.298833 0.037422 0.068917
2 0.840133 0.103972 0.044406 0.055139
2 0.833789 0.148451 0.055688 0.063903
0 0.574039 0.482396 0.081766 0.122847
0 0.543375 0.535042 0.079656 0.112778
0 0.514121 0.568257 0.087398 0.126569
0 0.348473 0.766875 0.095867 0.152889
0 0.256840 0.893437 0.109961 0.185458
0 0.586020 0.043819 0.023961 0.045111
