0 0.775270 0.953611 0.047258 0.092778
0 0.709023 0.929806 0.054281 0.140389
0 0.632176 0.942333 0.050023 0.115333
0 0.566285 0.942937 0.047930 0.114042
0 0.996723 0.509979 0.006555 0.050125
0 0.950445 0.511861 0.047937 0.109028
0 0.869734 0.523139 0.038766 0.111528
0 0.826387 0.526278 0.038070 0.120306
0 0.774223 0.520632 0.039477 0.129069
0 0.726996 0.520632 0.040883 0.129069
1 0.891555 0.033792 0.089594 0.065167
2 0.765379 0.217382 0.041664 0.139097
0 0.638887 0.517500 0.042289 0.125306
0 0.965609 0.256229 0.037375 0.083958
0 0.939168 0.253715 0.035242 0.083958
0 0.109125 0.742444 0.047297 0.094000
0 0.240590 0.830785 0.052227 0.097736
0 0.296980 0.852090 0.055055 0.130319
0 0.972758 0.323264 0.054484 0.057639
0 0.377688 0.875903 0.059984 0.155389
0 0.436230 0.913493 0.054273 0.150375
0 0.967363 0.983063 0.042289 0.033875
