0 0.465104 0.562037 0.045833 0.044444
0 0.428422 0.442343 0.021854 0.045111
0 0.414326 0.473671 0.023266 0.035083
0 0.515125 0.360264 0.013396 0.021306
0 0.526755 0.407255 0.016917 0.022565
0 0.526755 0.439819 0.016917 0.027602
0 0.528164 0.477431 0.018328 0.037602
0 0.529927 0.360264 0.011979 0.021306
0 0.545786 0.359639 0.011281 0.022556
0 0.573630 0.362144 0.011979 0.020046
0 0.569753 0.399736 0.012693 0.017546
0 0.571867 0.417278 0.016922 0.037593
0 0.586318 0.463019 0.019031 0.038852
0 0.577859 0.525051 0.020438 0.042602
0 0.511458 0.660648 0.032292 0.069444
0 0.446354 0.667315 0.046875 0.056111
0 0.517188 0.596296 0.025000 0.046296
0 0.452083 0.840741 0.084375 0.072222
0 0.572135 0.638426 0.027604 0.050926
0 0.457031 0.609722 0.057813 0.047222
