1 0.509375 0.390278 0.139583 0.156481
0 0.193750 0.488889 0.084375 0.127778
0 0.750781 0.367593 0.065104 0.074074
0 0.780729 0.218519 0.047917 0.051852
0 0.248958 0.213426 0.042708 0.043519
0 0.898698 0.543981 0.094271 0.089815
0 0.865625 0.133333 0.033333 0.038889
0 0.355448 0.146685 0.032240 0.035907
0 0.128807 0.131838 0.027188 0.032454
0 0.102979 0.123204 0.024469 0.026241
0 0.075792 0.125278 0.026802 0.045574
0 0.054232 0.167403 0.024859 0.037287
0 0.034620 0.186731 0.024469 0.033148
0 0.072682 0.190185 0.024469 0.034519
0 0.197365 0.149444 0.046219 0.035907
0 0.238536 0.175685 0.037677 0.037296
0 0.202995 0.162231 0.034958 0.032426
0 0.136771 0.165329 0.028354 0.033139
0 0.157940 0.251296 0.035734 0.057315
0 0.311198 0.211574 0.048438 0.041667
0 0.096875 0.208333 0.033333 0.048148
0 0.124479 0.232407 0.035417 0.048148
0 0.819792 0.153241 0.036458 0.045370
0 0.198437 0.193519 0.037500 0.038889
0 0.196354 0.275139 0.039583 0.058981
0 0.292523 0.121829 0.038453 0.034528
0 0.412604 0.159491 0.057396 0.042593
0 0.103906 0.143519 0.026562 0.035185
0 0.782292 0.175463 0.043750 0.041667
1 0.849219 0.350463 0.088021 0.123148
0 0.816667 0.193056 0.042708 0.045370
0 0.728628 0.207884 0.048099 0.048824
1 0.763865 0.144741 0.058167 0.071685
0 0.380693 0.151519 0.033792 0.042815
