0 0.374862 0.367181 0.019026 0.025065
0 0.316354 0.394755 0.027500 0.032583
0 0.294857 0.404778 0.033828 0.042611
0 0.254682 0.431079 0.025375 0.040065
0 0.229659 0.435486 0.028901 0.041343
0 0.259622 0.496255 0.069089 0.052639
0 0.446411 0.484917 0.062031 0.055259
0 0.355484 0.636542 0.062031 0.140472
0 0.444651 0.375264 0.031719 0.041472
0 0.267372 0.472449 0.043703 0.032583
0 0.487289 0.384037 0.029589 0.041481
0 0.345263 0.380338 0.030307 0.036343
0 0.464388 0.384037 0.020443 0.028944
0 0.581044 0.409727 0.039474 0.037713
0 0.372753 0.356468 0.027495 0.021435
0 0.311076 0.901019 0.228380 0.190481
0 0.362526 0.372819 0.026823 0.031324
0 0.333630 0.389727 0.025375 0.032602
0 0.275125 0.417306 0.028198 0.037593
