0 0.907995 0.605463 0.017031 0.040556
0 0.123698 0.940741 0.045312 0.085185
0 0.020234 0.639713 0.036250 0.043889
0 0.753255 0.548380 0.027344 0.039352
0 0.824974 0.573611 0.024948 0.045370
0 0.876953 0.594491 0.021615 0.050093
0 0.088281 0.880556 0.042188 0.077778
0 0.789115 0.561944 0.024063 0.044259
0 0.188409 0.432319 0.022557 0.025065
0 0.247971 0.460509 0.028901 0.033833
0 0.014904 0.625944 0.029807 0.046333
0 0.025581 0.758755 0.035245 0.073935
0 0.961669 0.614019 0.011276 0.052630
0 0.934531 0.606505 0.017625 0.042602
0 0.727396 0.533148 0.027708 0.036667
0 0.057292 0.822222 0.039583 0.077778
