0 0.471496 0.076778 0.026695 0.024417
0 0.494594 0.057500 0.028266 0.022472
0 0.162891 0.947847 0.055469 0.104306
0 0.437539 0.098986 0.029984 0.025528
0 0.362711 0.159451 0.031469 0.028014
0 0.333266 0.182625 0.029672 0.030417
0 0.544598 0.072729 0.025914 0.019431
0 0.528828 0.083417 0.032781 0.026917
0 0.511895 0.096875 0.032305 0.023861
0 0.485691 0.066236 0.021398 0.022194
0 0.496516 0.108111 0.031531 0.020250
0 0.475289 0.118931 0.033406 0.028028
0 0.458430 0.140167 0.033094 0.029972
0 0.577922 0.075903 0.030125 0.025278
0 0.554434 0.095194 0.039023 0.033889
0 0.537332 0.110931 0.037758 0.031194
0 0.521551 0.125569 0.034258 0.029778
0 0.502398 0.136590 0.039109 0.036486
0 0.391273 0.212597 0.040734 0.040806
0 0.442969 0.154861 0.037500 0.029167
0 0.482812 0.150000 0.037500 0.030556
0 0.560527 0.164882 0.040461 0.037458
0 0.796930 0.010597 0.027953 0.021194
0 0.787332 0.021875 0.027492 0.023056
0 0.521441 0.051542 0.026086 0.020833
0 0.772500 0.027083 0.035625 0.029167
0 0.527289 0.179396 0.043391 0.034264
0 0.573336 0.145917 0.046922 0.039000
0 0.568543 0.086319 0.039320 0.030972
0 0.404055 0.145090 0.031891 0.026486
0 0.421937 0.110160 0.034406 0.030514
0 0.457547 0.090042 0.028688 0.025639
0 0.224035 0.885771 0.055680 0.182625
0 0.930047 0.702125 0.111313 0.136222
0 0.961805 0.549444 0.076391 0.087611
0 0.829922 0.498736 0.096766 0.085611
0 0.601164 0.532042 0.083344 0.104500
0 0.607754 0.225681 0.045430 0.054750
0 0.486316 0.304701 0.061180 0.071403
0 0.760324 0.040278 0.024164 0.035333
0 0.764066 0.088583 0.027539 0.036611
0 0.584238 0.135611 0.043180 0.031167
0 0.467582 0.161382 0.036883 0.034764
0 0.475574 0.195750 0.052820 0.037167
0 0.399914 0.130979 0.033719 0.026375
0 0.214711 0.399000 0.040000 0.051167
0 0.331234 0.343069 0.051656 0.047028
0 0.226723 0.327542 0.042930 0.051556
0 0.224250 0.272493 0.035734 0.041597
0 0.187051 0.281285 0.024727 0.035208
0 0.124113 0.289278 0.019336 0.029611
0 0.144340 0.268097 0.018430 0.029611
0 0.112086 0.258507 0.016859 0.026403
1 0.056328 0.249521 0.015938 0.029208
