0 0.871785 0.014431 0.017680 0.028861
0 0.854203 0.015083 0.024672 0.022556
0 0.809445 0.038264 0.025375 0.036333
0 0.787594 0.058938 0.036656 0.047625
0 0.747059 0.084625 0.050055 0.056389
0 0.984727 0.865326 0.030547 0.151625
0 0.414355 0.060757 0.038773 0.059014
0 0.389332 0.050104 0.040883 0.055264
0 0.361840 0.046972 0.033836 0.046500
0 0.339277 0.039451 0.038086 0.046486
0 0.319195 0.031937 0.041594 0.043986
0 0.293820 0.033188 0.027484 0.043986
0 0.281836 0.024417 0.030312 0.036472
0 0.115836 0.028799 0.022562 0.025181
0 0.070371 0.034437 0.013398 0.021431
0 0.248711 0.018819 0.037359 0.037639
0 0.090105 0.051986 0.021852 0.026444
1 0.047816 0.039451 0.023258 0.036458
0 0.052398 0.064514 0.019734 0.023944
0 0.897516 0.029431 0.025437 0.038972
0 0.866187 0.057625 0.023266 0.047750
1 0.831965 0.068271 0.049414 0.089097
0 0.796406 0.105868 0.048641 0.069042
0 0.270918 0.070160 0.049336 0.045236
0 0.219457 0.136569 0.053570 0.065278
0 0.445016 0.124042 0.049344 0.062778
0 0.301219 0.178549 0.074719 0.076569
0 0.519383 0.412882 0.131812 0.154264
0 0.837289 0.164139 0.050047 0.065278
0 0.684680 0.273160 0.081766 0.097875
0 0.141211 0.028799 0.023969 0.025181
0 0.167996 0.026917 0.028195 0.028944
