0 0.263707 0.790632 0.052195 0.056708
0 0.213934 0.927917 0.124680 0.096222
0 0.349727 0.854035 0.086984 0.068736
0 0.382586 0.840118 0.088922 0.061847
0 0.402883 0.820535 0.075391 0.056708
0 0.420762 0.809361 0.064758 0.051556
0 0.437680 0.799826 0.067656 0.056875
0 0.558973 0.806792 0.049289 0.060139
0 0.563320 0.751632 0.042531 0.029208
0 0.591832 0.746653 0.035758 0.046389
0 0.141445 0.828090 0.072484 0.054986
0 0.165605 0.810993 0.070555 0.065125
0 0.197016 0.807562 0.071531 0.065125
0 0.236641 0.804354 0.052188 0.051847
