0 0.542250 0.108861 0.035406 0.028306
0 0.558359 0.092847 0.036906 0.029028
0 0.495609 0.109687 0.029406 0.022653
0 0.575594 0.078722 0.031656 0.030639
0 0.522863 0.118847 0.042711 0.036972
0 0.506473 0.137160 0.037273 0.034292
0 0.493461 0.059806 0.031484 0.027306
0 0.455551 0.378493 0.063477 0.065597
0 0.140184 0.951424 0.030805 0.078708
0 0.324437 0.397549 0.061375 0.063597
1 0.170793 0.351660 0.070398 0.097875
0 0.172852 0.274938 0.022297 0.029014
0 0.145691 0.294417 0.021539 0.028667
0 0.129207 0.258958 0.016289 0.026333
0 0.103172 0.282104 0.015172 0.022681
0 0.773281 0.042319 0.036547 0.027472
0 0.562004 0.164632 0.041977 0.033958
0 0.413148 0.422514 0.069297 0.065028
0 0.484031 0.071826 0.024328 0.020847
0 0.465621 0.084201 0.027320 0.021986
0 0.399508 0.131542 0.031328 0.024472
0 0.369750 0.157417 0.031000 0.028167
0 0.333672 0.181944 0.031406 0.030556
0 0.398004 0.211319 0.043992 0.038889
0 0.803613 0.020306 0.028867 0.028000
0 0.790691 0.029215 0.031352 0.019431
0 0.766109 0.053972 0.038406 0.024694
0 0.775945 0.081306 0.031844 0.040528
0 0.693020 0.217410 0.041805 0.048431
0 0.633273 0.225090 0.045312 0.062819
0 0.703551 0.467056 0.092336 0.091222
0 0.192191 0.930056 0.050305 0.138722
0 0.251957 0.844417 0.049836 0.161639
0 0.788125 0.038687 0.026094 0.024542
0 0.450004 0.095146 0.026883 0.025736
0 0.576020 0.149799 0.044211 0.035403
0 0.482160 0.152312 0.038695 0.037292
0 0.443918 0.153972 0.036539 0.028639
0 0.477055 0.124035 0.028281 0.025986
0 0.619734 0.095444 0.031828 0.033611
0 0.516832 0.184160 0.046117 0.034569
0 0.477719 0.195187 0.047203 0.040319
0 0.420539 0.165222 0.034797 0.038889
0 0.413414 0.117563 0.030344 0.027014
0 0.433656 0.107243 0.030359 0.025681
0 0.522906 0.051778 0.028891 0.021917
