0 0.621094 0.016667 0.050000 0.033333
0 0.762109 0.088194 0.036719 0.054167
0 0.399578 0.011882 0.031719 0.023764
0 0.480289 0.039431 0.043703 0.046361
0 0.731641 0.068056 0.035156 0.052778
0 0.895113 0.196694 0.021852 0.055139
0 0.699219 0.047222 0.031250 0.047222
0 0.794531 0.114583 0.034375 0.062500
0 0.519055 0.058229 0.039469 0.048875
0 0.430078 0.017361 0.035156 0.034722
0 0.456289 0.023611 0.043828 0.047222
0 0.861719 0.172917 0.028125 0.056944
0 0.828125 0.140278 0.031250 0.058333
0 0.813281 0.374306 0.062500 0.079167
0 0.563281 0.086806 0.056250 0.054167
