0 0.535247 0.356704 0.015464 0.030926
0 0.463240 0.814602 0.080219 0.070444
0 0.664755 0.948630 0.073458 0.087630
0 0.516883 0.674569 0.036724 0.082472
0 0.456961 0.611856 0.056057 0.053269
0 0.456477 0.584366 0.058953 0.049824
0 0.526547 0.482130 0.021260 0.034370
0 0.526547 0.454644 0.017396 0.027491
0 0.574872 0.427148 0.021266 0.027500
0 0.524615 0.415120 0.017396 0.030926
0 0.572937 0.362713 0.013531 0.022333
0 0.594685 0.359278 0.014495 0.029204
0 0.552159 0.359278 0.012568 0.025778
0 0.519781 0.360134 0.011594 0.020620
