0 0.676562 0.133333 0.045312 0.058333
0 0.725000 0.156250 0.048438 0.073611
0 0.225000 0.068056 0.040625 0.055556
0 0.106641 0.959028 0.116406 0.079167
0 0.167578 0.150000 0.041406 0.069444
0 0.206641 0.113194 0.042969 0.076389
0 0.723828 0.097222 0.046094 0.066667
0 0.798438 0.107639 0.031250 0.048611
0 0.768750 0.128472 0.037500 0.054167
0 0.762891 0.079167 0.033594 0.052778
0 0.832355 0.087701 0.026086 0.035208
0 0.852441 0.073292 0.022555 0.028944
0 0.789004 0.070153 0.023961 0.035222
0 0.810855 0.056368 0.025383 0.035208
1 0.840109 0.030097 0.051453 0.060194
0 0.139418 0.112132 0.037430 0.054014
0 0.171484 0.073285 0.040953 0.059014
0 0.119359 0.077715 0.026781 0.045153
0 0.150023 0.043903 0.030313 0.047611
0 0.108086 0.042653 0.025375 0.045111
0 0.129195 0.016313 0.026859 0.032625
