0 0.655770 0.018153 0.038133 0.036306
0 0.735773 0.018778 0.061391 0.037556
0 0.622988 0.019403 0.037430 0.038806
0 0.230352 0.199653 0.061172 0.092361
0 0.590918 0.025646 0.033898 0.048875
0 0.686785 0.016271 0.038133 0.032542
0 0.584063 0.454861 0.111562 0.106944
0 0.367969 0.237500 0.062500 0.075000
0 0.894922 0.477083 0.110156 0.112500
0 0.318359 0.536111 0.139844 0.105556
0 0.787891 0.445833 0.100781 0.097222
0 0.794141 0.381944 0.102344 0.086111
0 0.910156 0.399306 0.095312 0.079167
0 0.283984 0.252778 0.058594 0.088889
0 0.948047 0.348611 0.085156 0.063889
2 0.301172 0.657639 0.228906 0.218056
