0 0.303125 0.822917 0.100000 0.179167
0 0.755469 0.400000 0.050000 0.075000
0 0.703125 0.298611 0.037500 0.069444
0 0.571875 0.262500 0.056250 0.083333
0 0.808203 0.954167 0.071094 0.088889
0 0.515625 0.563194 0.089063 0.126389
0 0.542578 0.534722 0.083594 0.119444
2 0.839402 0.106556 0.044414 0.055139
2 0.828125 0.156681 0.064141 0.075194
1 0.587055 0.047597 0.026078 0.037722
0 0.347656 0.765972 0.095312 0.156944
0 0.715625 0.670833 0.043750 0.122222
0 0.630469 0.430556 0.071875 0.086111
0 0.574609 0.481250 0.083594 0.129167
0 0.824609 0.760417 0.064844 0.148611
0 0.719922 0.523611 0.038281 0.111111
