1 0.769531 0.137963 0.052604 0.072222
0 0.351302 0.138426 0.039062 0.036111
0 0.035570 0.907620 0.071141 0.116111
0 0.945833 0.095833 0.022917 0.032407
0 0.056964 0.690426 0.110667 0.120426
1 0.985776 0.265616 0.028448 0.092861
0 0.727664 0.205468 0.049339 0.050250
0 0.866526 0.165366 0.036656 0.047750
0 0.066479 0.129653 0.021146 0.031454
0 0.209570 0.096444 0.028193 0.030204
0 0.200758 0.065745 0.028901 0.038972
0 0.301911 0.092685 0.036656 0.030204
0 0.828464 0.152894 0.036656 0.032583
2 0.859477 0.129713 0.033839 0.041352
2 0.894016 0.099009 0.040885 0.060148
0 0.925031 0.103963 0.025375 0.040222
0 0.965917 0.085792 0.021146 0.031454
0 0.986357 0.077023 0.022557 0.031454
0 0.344010 0.676852 0.118229 0.131481
1 0.087500 0.531944 0.173958 0.221296
0 0.693750 0.187500 0.047917 0.050926
2 0.114583 0.205556 0.045833 0.090741
0 0.248438 0.182870 0.036458 0.041667
0 0.781250 0.209259 0.046875 0.057407
0 0.897656 0.144444 0.031771 0.042593
0 0.401562 0.152778 0.038542 0.037037
0 0.197135 0.785185 0.107813 0.112963
0 0.825000 0.186343 0.046875 0.055093
0 0.771875 0.181481 0.040625 0.048148
