0 0.682906 0.019403 0.036016 0.038806
0 0.707031 0.436111 0.090625 0.091667
0 0.088332 0.077653 0.042367 0.060139
0 0.231074 0.025646 0.043070 0.046375
0 0.586340 0.031292 0.031789 0.045111
0 0.626164 0.029403 0.035313 0.046361
0 0.655062 0.023764 0.033906 0.045111
0 0.725906 0.021285 0.054344 0.042569
0 0.928125 0.305556 0.082812 0.069444
0 0.257031 0.286806 0.056250 0.090278
0 0.362500 0.311111 0.068750 0.080556
0 0.279297 0.370833 0.050781 0.102778
0 0.178906 0.187500 0.051562 0.072222
0 0.299219 0.177083 0.051562 0.062500
0 0.135937 0.134028 0.045312 0.059722
0 0.244531 0.185417 0.056250 0.079167
0 0.579023 0.545833 0.102891 0.144444
0 0.352734 0.210417 0.063281 0.087500
0 0.541406 0.036111 0.035937 0.050000
0 0.252957 0.127153 0.052867 0.066417
0 0.947656 0.661806 0.104688 0.115278
