0 0.391406 0.322222 0.081250 0.058333
0 0.055469 0.746528 0.110937 0.154167
0 0.155859 0.598611 0.083594 0.152778
0 0.166797 0.289583 0.063281 0.043056
1 0.039844 0.218750 0.070312 0.084722
0 0.019922 0.870139 0.039844 0.148611
0 0.448437 0.214931 0.064062 0.045139
0 0.459082 0.193590 0.050820 0.031458
0 0.465426 0.172285 0.055055 0.036458
0 0.481285 0.158500 0.040242 0.028944
0 0.488320 0.148451 0.043047 0.038931
0 0.506695 0.140958 0.028906 0.023944
0 0.511984 0.127799 0.031016 0.022681
0 0.515156 0.125292 0.043000 0.030194
0 0.554277 0.123410 0.023961 0.023931
