0 0.560547 0.750000 0.049219 0.033333
0 0.342969 0.853472 0.089063 0.073611
0 0.604688 0.836806 0.039062 0.076389
0 0.307812 0.870139 0.084375 0.081944
0 0.200391 0.815972 0.055469 0.059722
0 0.157031 0.827083 0.068750 0.054167
0 0.605391 0.741667 0.034531 0.030556
0 0.232813 0.804167 0.048438 0.047222
0 0.396484 0.844444 0.074219 0.055556
0 0.445703 0.790972 0.064844 0.045833
0 0.417969 0.822222 0.089063 0.058333
0 0.258398 0.795833 0.055391 0.050000
0 0.272656 0.784028 0.054688 0.040278
0 0.584051 0.747938 0.039727 0.032819
