0 0.760789 0.039222 0.024047 0.034361
0 0.772500 0.027083 0.035625 0.029167
0 0.787332 0.021875 0.027492 0.023056
0 0.796930 0.010597 0.027953 0.021194
0 0.560527 0.164882 0.040461 0.037458
0 0.482812 0.150000 0.037500 0.030556
0 0.442969 0.154861 0.037500 0.029167
0 0.391273 0.212597 0.040734 0.040806
0 0.502398 0.136590 0.039109 0.036486
0 0.521551 0.125569 0.034258 0.029778
0 0.537332 0.110931 0.037758 0.031194
0 0.554434 0.095194 0.039023 0.033889
0 0.566297 0.081319 0.031219 0.030556
0 0.577922 0.075903 0.030125 0.025278
0 0.475289 0.118931 0.033406 0.028028
0 0.496516 0.108111 0.031531 0.020250
0 0.511895 0.096875 0.032305 0.023861
0 0.528828 0.083417 0.032781 0.026917
0 0.544598 0.072729 0.025914 0.019431
0 0.333266 0.182625 0.029672 0.030417
0 0.362711 0.159451 0.031469 0.028014
0 0.437539 0.098986 0.029984 0.025528
0 0.458691 0.091208 0.026398 0.023306
0 0.471496 0.076778 0.026695 0.024417
0 0.494594 0.057500 0.028266 0.022472
0 0.162891 0.947847 0.055469 0.104306
0 0.528441 0.177819 0.041555 0.034083
0 0.573898 0.145611 0.047172 0.039556
0 0.381426 0.142597 0.035898 0.030917
0 0.422297 0.110493 0.034469 0.029847
0 0.481789 0.066236 0.029203 0.022194
0 0.222719 0.885701 0.057063 0.182486
0 0.600637 0.108104 0.028852 0.040986
0 0.584246 0.133083 0.044023 0.027000
0 0.461324 0.201493 0.055023 0.035958
0 0.400348 0.128847 0.030242 0.025889
0 0.627180 0.221410 0.047906 0.063292
0 0.673301 0.179403 0.039164 0.048333
0 0.677676 0.140556 0.032367 0.042000
0 0.705187 0.145160 0.033016 0.045458
0 0.746453 0.085319 0.032688 0.046611
0 0.785145 0.101139 0.027164 0.036833
0 0.169484 0.308563 0.024078 0.033569
0 0.187691 0.280181 0.026773 0.035167
0 0.167137 0.278590 0.021133 0.030375
0 0.144773 0.267000 0.018656 0.027972
0 0.132855 0.263201 0.014164 0.023569
0 0.121730 0.262410 0.015289 0.024375
0 0.110605 0.257806 0.014164 0.025583
0 0.074754 0.284181 0.014836 0.023972
