0 0.835527 0.040139 0.014102 0.022556
0 0.397437 0.211819 0.043000 0.040111
0 0.477090 0.194278 0.048633 0.037583
0 0.522203 0.179243 0.045812 0.037597
0 0.575422 0.144153 0.045109 0.022556
0 0.562031 0.164201 0.039469 0.032569
0 0.334352 0.181118 0.031016 0.028819
0 0.369582 0.157875 0.031039 0.030194
0 0.382602 0.142208 0.034609 0.026444
0 0.417879 0.164826 0.034539 0.036347
0 0.454887 0.167965 0.038070 0.030069
0 0.401281 0.132188 0.028266 0.023931
0 0.413648 0.118403 0.030313 0.026444
0 0.430531 0.107743 0.027562 0.022681
0 0.446086 0.093965 0.030297 0.022681
0 0.466516 0.083937 0.026078 0.020181
0 0.484141 0.071410 0.023266 0.020181
0 0.495734 0.058875 0.026859 0.025194
0 0.522203 0.051986 0.027484 0.018917
0 0.579652 0.043840 0.035242 0.022681
0 0.543352 0.073979 0.031719 0.025069
0 0.576445 0.074542 0.031797 0.023944
0 0.567988 0.082687 0.031789 0.022681
0 0.558820 0.092708 0.034609 0.030194
0 0.541941 0.107090 0.035945 0.028875
0 0.522555 0.118403 0.042297 0.036472
0 0.505602 0.137201 0.039547 0.031458
0 0.480227 0.152229 0.040953 0.033958
0 0.248676 0.852799 0.050117 0.146625
0 0.190203 0.920465 0.048641 0.151625
0 0.135187 0.952444 0.041656 0.085167
0 0.410125 0.483750 0.074016 0.087722
0 0.580711 0.485000 0.092344 0.090222
0 0.395676 0.395403 0.060617 0.056389
0 0.251141 0.387271 0.042359 0.062681
0 0.152102 0.349042 0.026156 0.043861
2 0.276199 0.263764 0.083883 0.084083
0 0.634988 0.212382 0.045820 0.064042
0 0.773141 0.041333 0.037359 0.030194
0 0.788969 0.036944 0.026859 0.023944
0 0.796020 0.029424 0.024039 0.023931
0 0.804473 0.020035 0.025445 0.022681
0 0.810500 0.011882 0.030312 0.018931
0 0.620184 0.094653 0.030305 0.031333
0 0.594457 0.110312 0.039477 0.027569
0 0.589523 0.134132 0.036656 0.027569
0 0.462289 0.135382 0.031719 0.030069
0 0.496121 0.111576 0.027492 0.027569
0 0.479207 0.124729 0.027492 0.026319
