0 0.592708 0.460185 0.098958 0.094444
0 0.858073 0.550463 0.103646 0.095370
0 0.114844 0.535648 0.092188 0.100926
0 0.434375 0.371759 0.085417 0.093519
0 0.317448 0.312037 0.058854 0.074074
0 0.512240 0.326389 0.072396 0.063889
0 0.740885 0.425000 0.083854 0.079630
0 0.220833 0.314352 0.053125 0.069444
0 0.768229 0.226389 0.051042 0.058333
0 0.871094 0.173148 0.030729 0.042593
0 0.925000 0.105093 0.025000 0.034259
2 0.845078 0.118056 0.053594 0.071296
0 0.242708 0.409722 0.052083 0.089815
0 0.086198 0.206481 0.034896 0.048148
0 0.963542 0.088426 0.022917 0.026852
0 0.125000 0.243056 0.041667 0.047222
0 0.911979 0.150000 0.034375 0.029630
1 0.743594 0.180556 0.065937 0.085185
0 0.907813 0.123611 0.034375 0.036111
0 0.187068 0.231963 0.039135 0.042259
0 0.171682 0.165259 0.018646 0.034796
0 0.247422 0.181829 0.034021 0.038120
0 0.283078 0.188870 0.045677 0.055519
0 0.394708 0.156556 0.051740 0.038944
0 0.098326 0.175736 0.030214 0.037935
0 0.102372 0.147444 0.024276 0.025463
0 0.061104 0.190866 0.022656 0.037398
0 0.072161 0.160875 0.021042 0.032176
0 0.079310 0.133083 0.025089 0.026370
1 0.958693 0.301324 0.059427 0.098815
1 0.824883 0.179449 0.059036 0.089843
0 0.704474 0.182556 0.034177 0.050481
0 0.793227 0.169782 0.031464 0.049787
0 0.879646 0.130769 0.020187 0.033907
