0 0.007531 0.619007 0.015063 0.050125
0 0.430469 0.684514 0.053125 0.075417
0 0.527117 0.665993 0.061422 0.061403
0 0.784414 0.551958 0.038828 0.031333
0 0.250457 0.694194 0.048008 0.122806
0 0.482754 0.640306 0.054273 0.055139
0 0.780219 0.517500 0.024672 0.020056
0 0.604313 0.540681 0.033906 0.031333
0 0.624402 0.538799 0.023336 0.027569
0 0.643078 0.535049 0.022625 0.025069
0 0.376984 0.681660 0.057172 0.107764
0 0.030566 0.616500 0.022555 0.045111
0 0.058078 0.610861 0.025406 0.041361
2 0.313281 0.668056 0.076563 0.144444
2 0.091188 0.607729 0.026781 0.047625
0 0.120793 0.612111 0.028195 0.041361
0 0.010352 0.665993 0.020703 0.051375
0 0.023859 0.705472 0.047250 0.070167
0 0.035152 0.654722 0.031711 0.043861
0 0.060527 0.664750 0.034539 0.056389
0 0.091055 0.672917 0.041328 0.056944
0 0.085273 0.726389 0.050234 0.075000
0 0.018105 0.961132 0.036211 0.077736
0 0.037500 0.911250 0.075000 0.101667
2 0.506684 0.566347 0.054352 0.052583
0 0.778465 0.531292 0.033852 0.032583
0 0.802016 0.538174 0.043094 0.036347
0 0.543688 0.613993 0.028266 0.035097
0 0.515180 0.615250 0.050047 0.042611
0 0.747402 0.577653 0.024039 0.035083
0 0.712863 0.580785 0.052227 0.051375
0 0.685371 0.603972 0.038133 0.042611
0 0.657527 0.610229 0.037430 0.040097
0 0.633953 0.583292 0.036656 0.031333
0 0.572273 0.603972 0.038766 0.042611
0 0.609633 0.587674 0.040172 0.037597
0 0.651891 0.575771 0.028969 0.026319
0 0.667047 0.572014 0.022625 0.031333
0 0.712547 0.546319 0.048641 0.032583
0 0.565543 0.651590 0.043773 0.052625
0 0.591977 0.636549 0.030375 0.037597
0 0.614887 0.629028 0.036727 0.045111
0 0.639203 0.621514 0.031797 0.042611
0 0.403770 0.542562 0.038836 0.035097
