0 0.023164 0.731597 0.037578 0.064861
0 0.684766 0.052778 0.024219 0.050000
0 0.636328 0.022222 0.049219 0.044444
0 0.796758 0.385069 0.065859 0.086806
0 0.557422 0.109028 0.058594 0.068056
0 0.899320 0.201792 0.017625 0.055139
0 0.868305 0.184188 0.024672 0.055264
0 0.838695 0.145340 0.031719 0.065292
0 0.487664 0.035063 0.040172 0.045236
0 0.516797 0.059722 0.047656 0.047222
0 0.749609 0.079514 0.029219 0.050694
0 0.419922 0.013889 0.042969 0.027778
0 0.778789 0.098194 0.029922 0.049167
0 0.591680 0.203681 0.053672 0.084306
0 0.539062 0.077083 0.051562 0.051389
0 0.459922 0.022917 0.047969 0.043056
