0 0.778385 0.428704 0.103646 0.129630
0 0.150000 0.851852 0.246875 0.287037
0 0.939844 0.620370 0.094271 0.188889
0 0.616667 0.534259 0.142708 0.179630
0 0.857552 0.828241 0.163021 0.299074
0 0.436719 0.668981 0.209896 0.254630
0 0.771354 0.962037 0.136458 0.070370
0 0.838802 0.389815 0.058854 0.087037
0 0.602083 0.247222 0.067708 0.053704
0 0.924479 0.315741 0.040625 0.057407
0 0.885677 0.360185 0.086979 0.068519
0 0.702604 0.288889 0.085417 0.064815
0 0.715104 0.238889 0.053125 0.042593
0 0.680773 0.225551 0.050047 0.055139
0 0.643414 0.213019 0.051453 0.052630
0 0.966253 0.254370 0.041589 0.045111
0 0.979643 0.251236 0.033130 0.036343
0 0.946867 0.270037 0.036651 0.038852
0 0.932417 0.273171 0.035948 0.035083
0 0.538737 0.221792 0.045109 0.057639
0 0.551779 0.186079 0.034536 0.036343
0 0.604292 0.201116 0.049344 0.043861
0 0.954622 0.267532 0.043703 0.046361
0 0.950000 0.301852 0.032292 0.048148
0 0.751042 0.249074 0.053125 0.064815
