0 0.522672 0.748181 0.079891 0.067663
0 0.727914 0.615981 0.064297 0.046362
0 0.680527 0.646675 0.071352 0.060150
0 0.662867 0.679825 0.070484 0.061275
0 0.712641 0.639038 0.058813 0.050125
0 0.618617 0.761213 0.074406 0.071425
0 0.359020 0.958675 0.115992 0.082650
0 0.918586 0.493737 0.027406 0.037725
0 0.862586 0.970581 0.098687 0.058838
0 0.873941 0.947994 0.097898 0.078812
0 0.893918 0.911025 0.103383 0.102625
0 0.920977 0.876644 0.093281 0.076462
0 0.819125 0.836462 0.057156 0.079075
0 0.866895 0.761281 0.058742 0.074063
0 0.741187 0.602819 0.057953 0.052638
0 0.452184 0.792606 0.089289 0.096363
0 0.406367 0.823875 0.088500 0.099000
0 0.355891 0.847119 0.076672 0.105388
0 0.800320 0.620306 0.044641 0.055263
0 0.828516 0.389663 0.032109 0.022550
0 0.693020 0.349687 0.027414 0.020050
0 0.782305 0.370300 0.038375 0.038725
0 0.623355 0.689288 0.069633 0.077700
0 0.586543 0.701819 0.071352 0.067663
0 0.558699 0.726875 0.078320 0.070175
0 0.794094 0.557081 0.057094 0.056388
0 0.823816 0.541356 0.054039 0.045237
0 0.836352 0.511838 0.049344 0.038850
0 0.853187 0.506894 0.042297 0.043987
0 0.865328 0.499938 0.039938 0.040100
0 0.876293 0.493737 0.036805 0.037725
0 0.881777 0.481206 0.041508 0.032713
0 0.950305 0.749313 0.073625 0.060150
0 0.942477 0.793856 0.081453 0.063787
0 0.929195 0.827756 0.087797 0.063912
0 0.780348 0.575750 0.051695 0.048875
0 0.755676 0.588344 0.060305 0.053762
