0 0.653438 0.453611 0.053750 0.059444
0 0.618734 0.526569 0.062297 0.060278
0 0.709766 0.065972 0.019531 0.045833
0 0.585078 0.556389 0.074844 0.095556
0 0.664867 0.427743 0.052047 0.053264
0 0.243359 0.474306 0.050781 0.076389
0 0.442969 0.759028 0.071875 0.095833
0 0.412930 0.820903 0.063203 0.097083
0 0.638672 0.486111 0.066406 0.077778
0 0.558242 0.593750 0.069453 0.084722
0 0.365937 0.841528 0.063125 0.102500
0 0.503516 0.668750 0.071094 0.106944
0 0.619531 0.095833 0.029687 0.038889
0 0.539062 0.632639 0.070312 0.095833
