0 0.104745 0.146269 0.025354 0.031648
0 0.654687 0.738889 0.138542 0.131481
0 0.469010 0.627778 0.118229 0.120370
0 0.505469 0.405556 0.056771 0.087037
1 0.605990 0.389352 0.142187 0.226852
0 0.488542 0.539352 0.101042 0.091667
0 0.438802 0.383796 0.068229 0.082407
0 0.434115 0.479630 0.064062 0.109259
0 0.224740 0.518056 0.097396 0.106481
0 0.857031 0.291204 0.043229 0.054630
1 0.633594 0.203241 0.091146 0.102778
0 0.726302 0.433796 0.069271 0.091667
0 0.480729 0.252315 0.072917 0.054630
0 0.223698 0.468519 0.089063 0.077778
0 0.727344 0.243519 0.052604 0.057407
0 0.212500 0.261111 0.047917 0.057407
0 0.143229 0.247685 0.038542 0.050926
0 0.915365 0.141204 0.029687 0.036111
1 0.984174 0.259833 0.031651 0.090481
0 0.729773 0.204648 0.047599 0.045741
0 0.765599 0.165375 0.041948 0.044750
0 0.817896 0.161894 0.034677 0.039769
0 0.837190 0.182278 0.039714 0.046741
0 0.873266 0.136537 0.031323 0.038778
0 0.864289 0.112181 0.031380 0.043750
2 0.955206 0.079861 0.034120 0.060648
0 0.993682 0.157917 0.012635 0.031815
0 0.985904 0.077222 0.019422 0.026852
0 0.248109 0.182213 0.039271 0.041500
0 0.177031 0.278884 0.044708 0.049787
0 0.187732 0.226782 0.038839 0.046269
0 0.395339 0.154245 0.052437 0.039435
0 0.353003 0.140088 0.038453 0.035972
0 0.108117 0.228509 0.032099 0.041722
0 0.085997 0.209088 0.024005 0.039324
0 0.068870 0.193745 0.022656 0.034528
0 0.051339 0.181278 0.021042 0.036444
0 0.075479 0.130204 0.022385 0.026370
0 0.056331 0.154162 0.026703 0.028324
