0 0.211719 0.797917 0.053125 0.068056
0 0.391406 0.933333 0.079687 0.066667
2 0.725590 0.260625 0.046523 0.045139
0 0.685758 0.315750 0.024672 0.035083
1 0.467949 0.357729 0.034539 0.046375
0 0.468973 0.480535 0.042367 0.041347
0 0.484832 0.462986 0.037430 0.031333
0 0.501785 0.444819 0.040180 0.035083
0 0.513066 0.426028 0.041586 0.035083
0 0.526102 0.407222 0.038063 0.032583
0 0.540555 0.389056 0.037359 0.031333
0 0.553598 0.368382 0.033836 0.025069
0 0.563465 0.355222 0.035242 0.026306
2 0.584926 0.337681 0.044477 0.046361
0 0.628984 0.328285 0.035313 0.027569
0 0.787609 0.334514 0.016938 0.032639
0 0.752691 0.365243 0.036023 0.028819
0 0.731547 0.394694 0.040250 0.035083
0 0.708633 0.420389 0.039547 0.033833
0 0.700531 0.440431 0.047297 0.043861
0 0.689637 0.462993 0.046523 0.038847
2 0.434117 0.514368 0.054281 0.071431
0 0.678883 0.486146 0.045672 0.040597
0 0.667883 0.506444 0.050750 0.045111
0 0.846363 0.480889 0.045680 0.045111
0 0.835789 0.498931 0.048219 0.039111
0 0.827332 0.521493 0.048211 0.039097
0 0.821832 0.546299 0.052445 0.043597
0 0.812105 0.577125 0.049898 0.048111
0 0.754586 0.729757 0.058359 0.061653
0 0.798672 0.612743 0.052031 0.052569
0 0.787160 0.643389 0.055055 0.050444
0 0.780352 0.674653 0.054453 0.051528
0 0.656172 0.524083 0.049844 0.053500
0 0.612031 0.610139 0.055312 0.059167
0 0.626512 0.556597 0.057445 0.049306
2 0.129297 0.905556 0.071094 0.133333
0 0.771484 0.485417 0.035156 0.054167
0 0.756250 0.882153 0.046875 0.119028
0 0.584375 0.639583 0.068750 0.070833
0 0.331641 0.672917 0.052344 0.062500
0 0.541406 0.702986 0.065625 0.069861
0 0.320937 0.949097 0.075312 0.087917
0 0.186328 0.834028 0.050781 0.062500
0 0.514844 0.742361 0.065625 0.068056
