0 0.270544 0.417310 0.040182 0.040102
0 0.294862 0.407847 0.029609 0.028954
0 0.310018 0.397824 0.034536 0.036463
0 0.325523 0.387801 0.024672 0.031454
0 0.406586 0.414736 0.045818 0.035213
0 0.344557 0.384037 0.028896 0.028944
0 0.356542 0.373384 0.035948 0.032713
0 0.370990 0.366491 0.019740 0.026444
0 0.370638 0.357093 0.026078 0.022685
0 0.577169 0.407282 0.048641 0.035083
0 0.558844 0.428588 0.052865 0.042602
0 0.487648 0.390306 0.033130 0.033963
0 0.464388 0.382157 0.024672 0.032704
0 0.447471 0.377769 0.026078 0.036463
0 0.436193 0.368375 0.024667 0.027694
0 0.298034 0.441120 0.055682 0.037593
0 0.243055 0.496884 0.058505 0.051380
0 0.271602 0.486796 0.060620 0.041481
0 0.233891 0.441051 0.030312 0.035213
0 0.530646 0.669810 0.097979 0.156657
