0 0.685371 0.603972 0.038133 0.042611
0 0.604664 0.539431 0.033203 0.033833
0 0.625457 0.537549 0.024039 0.027569
2 0.506687 0.567000 0.052938 0.051389
0 0.404477 0.540681 0.038844 0.033833
1 0.249402 0.691063 0.048711 0.116542
0 0.482418 0.639056 0.050789 0.057639
0 0.657527 0.610229 0.037430 0.040097
0 0.639203 0.621514 0.031797 0.042611
0 0.778453 0.531292 0.033828 0.032583
0 0.712547 0.546319 0.048641 0.032583
0 0.667047 0.572014 0.022625 0.031333
0 0.651891 0.575771 0.028969 0.026319
0 0.633953 0.583292 0.036656 0.031333
0 0.609633 0.587674 0.040172 0.037597
0 0.572273 0.603972 0.038766 0.042611
0 0.543688 0.613993 0.028266 0.035097
0 0.515180 0.615250 0.050047 0.042611
0 0.747402 0.577653 0.024039 0.035083
0 0.712863 0.580785 0.052227 0.051375
0 0.595500 0.547576 0.016281 0.030069
0 0.035152 0.654722 0.031711 0.043861
0 0.614887 0.629028 0.036727 0.045111
0 0.591977 0.636549 0.030375 0.037597
0 0.565543 0.651590 0.043773 0.052625
0 0.376984 0.681660 0.057172 0.107764
0 0.030566 0.616500 0.022555 0.045111
0 0.023859 0.705472 0.047250 0.070167
0 0.010352 0.665993 0.020703 0.051375
0 0.007531 0.619007 0.015063 0.050125
0 0.120793 0.612111 0.028195 0.041361
2 0.091188 0.607729 0.026781 0.047625
0 0.058078 0.610861 0.025406 0.041361
0 0.799570 0.538174 0.039609 0.036347
0 0.784414 0.551958 0.038828 0.031333
0 0.525711 0.665993 0.064234 0.061403
0 0.430469 0.683889 0.053125 0.076667
2 0.316094 0.668056 0.070938 0.144444
0 0.060527 0.664750 0.034539 0.056389
0 0.091055 0.672917 0.041328 0.056944
0 0.085273 0.726389 0.050234 0.075000
0 0.037500 0.911250 0.075000 0.101667
