0 0.009398 0.109000 0.015500 0.030194
0 0.125316 0.155368 0.043070 0.052764
0 0.058352 0.044465 0.017688 0.018931
0 0.064027 0.063264 0.021852 0.031444
0 0.094691 0.136007 0.033836 0.051375
0 0.159504 0.118403 0.048008 0.059028
0 0.214520 0.075167 0.042289 0.040222
0 0.190203 0.029424 0.035953 0.033958
0 0.242363 0.020653 0.027492 0.036472
0 0.262805 0.023792 0.033125 0.040222
0 0.295934 0.031937 0.034539 0.046486
0 0.319902 0.031937 0.041586 0.043986
0 0.341750 0.041958 0.043000 0.054000
0 0.388273 0.054486 0.043000 0.049000
1 0.785125 0.371590 0.130406 0.271931
0 0.664590 0.189896 0.083883 0.093986
0 0.513039 0.407312 0.124766 0.137847
0 0.508070 0.577111 0.164313 0.199250
