0 0.333630 0.389727 0.025375 0.032602
0 0.345263 0.380338 0.030307 0.036343
0 0.230367 0.432972 0.028901 0.038852
0 0.311076 0.899139 0.228380 0.186722
0 0.501578 0.429968 0.027156 0.037843
0 0.430201 0.446065 0.053568 0.045241
0 0.580693 0.404153 0.038771 0.036343
0 0.219620 0.470481 0.054688 0.042815
0 0.442573 0.379574 0.031719 0.030389
0 0.281823 0.449264 0.043000 0.028824
0 0.818937 0.798884 0.134646 0.156639
0 0.254792 0.496255 0.065312 0.052639
0 0.306133 0.461162 0.048151 0.040083
0 0.271305 0.417306 0.035839 0.037593
0 0.294206 0.404778 0.032526 0.042611
0 0.315130 0.394227 0.029948 0.033639
0 0.367771 0.368241 0.031854 0.025000
0 0.626513 0.565116 0.062734 0.100380
0 0.588799 0.495569 0.032422 0.054009
0 0.485182 0.457343 0.064854 0.047741
