0 0.383012 0.020007 0.026789 0.035097
0 0.964543 0.122139 0.032430 0.033833
0 0.926129 0.130285 0.034539 0.035097
0 0.258594 0.380556 0.092188 0.097222
0 0.451562 0.389583 0.103125 0.098611
0 0.528219 0.023139 0.050750 0.036333
0 0.319535 0.058854 0.032492 0.065153
0 0.814844 0.175000 0.050000 0.058333
0 0.625391 0.495139 0.097656 0.123611
0 0.859375 0.216667 0.056250 0.052778
0 0.458984 0.098611 0.033594 0.044444
0 0.905469 0.268750 0.053125 0.065278
0 0.495703 0.140278 0.044531 0.052778
0 0.409766 0.126389 0.046094 0.083333
0 0.937109 0.188889 0.044531 0.047222
0 0.856641 0.849306 0.133594 0.226389
0 0.427344 0.066667 0.032813 0.038889
0 0.990730 0.112736 0.018539 0.040083
0 0.303008 0.036299 0.019031 0.040097
