0 0.651891 0.575771 0.028969 0.026319
0 0.633953 0.583292 0.036656 0.031333
0 0.609633 0.587674 0.040172 0.037597
0 0.572273 0.603972 0.038766 0.042611
0 0.747402 0.577653 0.024039 0.035083
0 0.712863 0.580785 0.052227 0.051375
0 0.037500 0.911250 0.075000 0.101667
0 0.657527 0.610229 0.037430 0.040097
0 0.614887 0.629028 0.036727 0.045111
0 0.591977 0.636549 0.030375 0.037597
0 0.565543 0.651590 0.043773 0.052625
0 0.430469 0.688889 0.053125 0.066667
0 0.376984 0.681660 0.057172 0.107764
0 0.030566 0.616500 0.022555 0.045111
0 0.058078 0.610861 0.025406 0.041361
2 0.091188 0.607729 0.026781 0.047625
0 0.120793 0.612111 0.028195 0.041361
0 0.007531 0.619007 0.015063 0.050125
2 0.505309 0.568257 0.054273 0.051375
0 0.479547 0.672243 0.055047 0.061431
0 0.403805 0.543806 0.038766 0.035111
0 0.639203 0.621514 0.031797 0.042611
0 0.010352 0.665993 0.020703 0.051375
0 0.023859 0.705472 0.047250 0.070167
0 0.685371 0.603972 0.038133 0.042611
0 0.035152 0.654722 0.031711 0.043861
0 0.060527 0.664750 0.034539 0.056389
0 0.091055 0.672917 0.041328 0.056944
0 0.085273 0.726389 0.050234 0.075000
0 0.018105 0.961132 0.036211 0.077736
0 0.712547 0.546319 0.048641 0.032583
0 0.667047 0.572014 0.022625 0.031333
1 0.250141 0.691062 0.048641 0.119042
0 0.536996 0.613993 0.041648 0.035097
0 0.481363 0.631535 0.052898 0.042597
0 0.799922 0.538174 0.038906 0.036347
0 0.764355 0.532569 0.033836 0.027639
0 0.625457 0.538799 0.026852 0.027569
0 0.603605 0.541312 0.032492 0.035097
0 0.784766 0.550687 0.038125 0.033875
0 0.528172 0.665993 0.059312 0.061403
2 0.315742 0.668056 0.071641 0.144444
