0 0.387240 0.750926 0.035937 0.103704
0 0.369211 0.988083 0.079651 0.018796
0 0.390711 0.469282 0.022557 0.058898
0 0.473536 0.468657 0.021854 0.050130
0 0.698393 0.498731 0.033130 0.052630
0 0.728000 0.498731 0.031719 0.052630
0 0.880961 0.496856 0.031724 0.043861
0 0.171094 0.453704 0.028646 0.044444
0 0.427344 0.471296 0.022396 0.050000
0 0.628125 0.507407 0.033333 0.059259
0 0.666406 0.505556 0.032813 0.051852
0 0.859115 0.505093 0.034896 0.049074
0 0.801562 0.503704 0.034375 0.051852
0 0.114453 0.432176 0.044531 0.050463
0 0.761979 0.494907 0.038542 0.054630
0 0.508854 0.485648 0.022917 0.065741
0 0.031771 0.461574 0.031250 0.041667
0 0.276042 0.478704 0.026042 0.050000
0 0.244010 0.481944 0.027604 0.047222
0 0.235417 0.633796 0.037500 0.073148
0 0.426823 0.637500 0.035937 0.091667
0 0.310677 0.854167 0.074479 0.065741
0 0.988802 0.728241 0.022396 0.054630
0 0.164062 0.707870 0.041667 0.073148
0 0.301302 0.632407 0.038021 0.079630
0 0.326302 0.729167 0.040104 0.076852
0 0.279687 0.728704 0.041667 0.092593
0 0.348698 0.634259 0.032813 0.074074
0 0.474219 0.659722 0.032813 0.086111
0 0.384375 0.635648 0.035417 0.089815
0 0.446875 0.753704 0.043750 0.109259
