0 0.461547 0.238694 0.027562 0.061528
0 0.706785 0.270437 0.054242 0.049764
0 0.633934 0.260660 0.033852 0.060097
0 0.414367 0.244722 0.028125 0.066667
0 0.582121 0.244340 0.027492 0.057764
0 0.330816 0.251840 0.029680 0.072681
0 0.502457 0.251208 0.030383 0.063917
0 0.724883 0.330160 0.077531 0.073931
0 0.512324 0.722389 0.071258 0.126556
0 0.371695 0.243694 0.028266 0.063917
0 0.020570 0.348958 0.041141 0.053889
1 0.105934 0.228674 0.073383 0.069042
0 0.021277 0.286924 0.042555 0.040097
0 0.096793 0.278146 0.052227 0.047597
0 0.290637 0.249958 0.028273 0.063917
0 0.240590 0.248083 0.035320 0.067667
0 0.400246 0.424771 0.057164 0.105264
0 0.599453 0.896667 0.082344 0.151667
1 0.021617 0.238063 0.043234 0.067764
