0 0.466836 0.164771 0.035312 0.033958
0 0.504547 0.137826 0.033203 0.032708
0 0.401633 0.129681 0.031797 0.026444
0 0.421758 0.112132 0.036656 0.031458
0 0.455559 0.091458 0.029680 0.025194
0 0.470359 0.078931 0.028266 0.025194
0 0.439379 0.156056 0.032430 0.031333
0 0.463699 0.134125 0.035945 0.025056
0 0.477090 0.121597 0.033133 0.022556
0 0.512332 0.100271 0.034539 0.027514
0 0.552512 0.095924 0.041586 0.031292
0 0.586348 0.078361 0.038773 0.026306
0 0.530309 0.085257 0.033836 0.025069
0 0.547934 0.073979 0.028195 0.017542
0 0.529957 0.063937 0.030305 0.027597
0 0.495734 0.061444 0.032500 0.022556
0 0.522559 0.053271 0.026789 0.021236
0 0.682563 0.065201 0.038062 0.030069
0 0.792141 0.018208 0.026156 0.023806
0 0.784402 0.024479 0.033227 0.026319
0 0.780895 0.032000 0.027492 0.021306
0 0.769621 0.038889 0.035945 0.020056
0 0.559562 0.166021 0.041594 0.036458
0 0.583180 0.137201 0.043703 0.033958
0 0.489391 0.152250 0.035312 0.036444
0 0.166941 0.946764 0.051461 0.106472
0 0.806625 0.661069 0.105734 0.119056
0 0.511277 0.328299 0.046523 0.070292
0 0.591645 0.273167 0.049367 0.062778
0 0.662121 0.196090 0.040883 0.056514
0 0.423133 0.330194 0.057875 0.059000
0 0.124262 0.315146 0.019805 0.033958
0 0.161621 0.275667 0.019805 0.030194
0 0.144031 0.268840 0.018328 0.028819
0 0.075305 0.266875 0.013391 0.017639
0 0.334703 0.184819 0.031719 0.026444
0 0.368855 0.159097 0.028273 0.027639
0 0.527844 0.180431 0.043000 0.035222
