0 0.631250 0.731481 0.134375 0.129630
0 0.454688 0.679167 0.120833 0.125000
0 0.228646 0.500926 0.097917 0.100000
0 0.683594 0.471296 0.086979 0.105556
0 0.537500 0.538889 0.096875 0.100000
0 0.469271 0.780556 0.126042 0.151852
0 0.546875 0.370833 0.069792 0.086111
0 0.603125 0.414815 0.051042 0.085185
0 0.372396 0.372222 0.082292 0.077778
0 0.823438 0.375463 0.064583 0.071296
0 0.656771 0.271296 0.055208 0.066667
0 0.455208 0.365278 0.079167 0.093519
0 0.210417 0.251852 0.044792 0.053704
0 0.468750 0.456019 0.064583 0.136111
0 0.914844 0.139352 0.032813 0.039815
2 0.947396 0.233796 0.065625 0.102778
0 0.885677 0.121296 0.031771 0.040741
0 0.269010 0.231944 0.051562 0.050926
0 0.761198 0.231944 0.052604 0.058333
1 0.987406 0.263000 0.025187 0.082926
0 0.821193 0.156644 0.040010 0.044231
0 0.752250 0.193259 0.045052 0.047019
0 0.409398 0.158523 0.060203 0.038046
0 0.381820 0.149546 0.037672 0.039426
0 0.355214 0.147477 0.032625 0.035287
0 0.290349 0.121931 0.034958 0.032528
0 0.202763 0.165088 0.033016 0.037361
0 0.237331 0.179245 0.035349 0.038046
0 0.311714 0.212731 0.047385 0.044259
0 0.271901 0.192259 0.040781 0.037704
0 0.175573 0.272356 0.040781 0.053176
0 0.142557 0.245079 0.037677 0.046954
0 0.149549 0.213315 0.034568 0.038667
0 0.180039 0.233685 0.034182 0.047648
0 0.112068 0.154588 0.024854 0.030454
0 0.140810 0.140435 0.029516 0.031148
0 0.103383 0.124282 0.024911 0.027306
0 0.073411 0.135273 0.021167 0.025306
0 0.163549 0.083181 0.024724 0.024009
0 0.206536 0.069523 0.021542 0.025343
