0 0.865312 0.245924 0.048953 0.068903
0 0.791379 0.132312 0.036367 0.038681
0 0.715570 0.192743 0.045891 0.045931
0 0.692457 0.164639 0.047930 0.041694
0 0.767926 0.112063 0.035695 0.039292
0 0.703676 0.093028 0.046570 0.050750
0 0.924633 0.304840 0.048609 0.061042
0 0.741410 0.080340 0.034336 0.036264
0 0.716594 0.065229 0.033656 0.036264
0 0.699938 0.045889 0.039094 0.039889
0 0.674953 0.023833 0.040109 0.042917
0 0.654727 0.012972 0.036375 0.025944
0 0.604074 0.092424 0.045211 0.035042
0 0.584867 0.070368 0.050313 0.047736
0 0.544758 0.037132 0.042828 0.035653
0 0.528949 0.022340 0.059492 0.044681
