0 0.731510 0.380093 0.079687 0.075000
0 0.353385 0.675000 0.122396 0.133333
0 0.695833 0.191667 0.056250 0.061111
0 0.117448 0.225926 0.036979 0.046296
0 0.384115 0.146759 0.052604 0.036111
0 0.874740 0.157870 0.039062 0.049074
0 0.086979 0.136111 0.025000 0.029630
0 0.838021 0.181481 0.041667 0.053704
0 0.331771 0.135648 0.053125 0.034259
0 0.180208 0.259259 0.056250 0.094444
1 0.084974 0.903241 0.169948 0.193519
1 0.883854 0.082870 0.066667 0.060185
0 0.202083 0.069907 0.031250 0.025000
0 0.921875 0.106944 0.026042 0.034259
0 0.107031 0.124074 0.026562 0.031481
1 0.747781 0.146417 0.063542 0.065241
1 0.984469 0.235278 0.031063 0.083685
0 0.811164 0.206273 0.041484 0.047231
0 0.738219 0.199231 0.055000 0.058000
0 0.796016 0.170231 0.041948 0.043093
0 0.940505 0.092343 0.024240 0.033148
0 0.963320 0.088194 0.024286 0.029833
0 0.898557 0.120931 0.028896 0.030657
0 0.866630 0.128384 0.033094 0.043917
0 0.835167 0.150838 0.034490 0.033806
1 0.813237 0.116870 0.070891 0.077889
0 0.303818 0.127843 0.051271 0.037370
0 0.225982 0.104231 0.029828 0.034889
0 0.063081 0.127431 0.020974 0.028250
