0 0.344557 0.382218 0.030312 0.032583
0 0.486948 0.386556 0.031729 0.036444
0 0.262094 0.492486 0.076844 0.057657
0 0.225435 0.441745 0.034547 0.038843
0 0.254341 0.432958 0.031734 0.036306
0 0.270185 0.420417 0.025359 0.033796
0 0.289578 0.407301 0.033135 0.037620
0 0.312133 0.396005 0.024672 0.032583
0 0.330107 0.390972 0.025380 0.032593
0 0.359008 0.373454 0.023964 0.030056
0 0.372747 0.360287 0.026068 0.026315
0 0.928328 0.953644 0.143344 0.092713
0 0.569062 0.407222 0.040885 0.037722
0 0.314247 0.432907 0.045818 0.049000
0 0.408703 0.405963 0.052865 0.037704
0 0.462625 0.382157 0.025375 0.032704
0 0.440070 0.375889 0.032422 0.037722
0 0.372753 0.367181 0.014807 0.025065
0 0.821063 0.797634 0.137458 0.156639
