0 0.410047 0.476366 0.019385 0.031324
0 0.456510 0.582870 0.057813 0.054630
0 0.469672 0.502472 0.042292 0.035500
0 0.687891 0.841866 0.079302 0.081454
0 0.573643 0.359926 0.012922 0.024019
0 0.594495 0.357838 0.012333 0.026102
0 0.555432 0.361495 0.010573 0.020880
0 0.518719 0.360972 0.013510 0.019833
0 0.435016 0.477931 0.016448 0.032380
0 0.535466 0.357310 0.016464 0.031306
0 0.569242 0.410574 0.017026 0.029241
0 0.524885 0.412144 0.015271 0.026102
0 0.526354 0.453912 0.018208 0.028194
0 0.527531 0.483676 0.019385 0.035500
0 0.520833 0.603241 0.028125 0.073148
0 0.453385 0.650926 0.060937 0.059259
0 0.501823 0.683333 0.031771 0.075926
