0 0.526404 0.473046 0.020443 0.033833
0 0.585612 0.463648 0.017620 0.037593
0 0.604643 0.478060 0.033130 0.036343
0 0.527107 0.439208 0.017620 0.028824
0 0.527813 0.400366 0.014802 0.028824
0 0.570104 0.402870 0.013396 0.023815
0 0.513716 0.361519 0.011984 0.018796
0 0.529927 0.359634 0.011979 0.020046
0 0.546138 0.360889 0.011984 0.020056
0 0.572927 0.362144 0.010573 0.020046
0 0.451302 0.840278 0.081771 0.073148
0 0.457292 0.610185 0.057292 0.046296
0 0.639583 0.932870 0.059375 0.110185
0 0.617448 0.756944 0.032813 0.073148
0 0.459896 0.779167 0.093750 0.080556
0 0.445573 0.664352 0.047396 0.060185
0 0.521094 0.589815 0.024479 0.046296
0 0.510893 0.662894 0.028901 0.070176
0 0.577859 0.523171 0.020438 0.043861
0 0.465430 0.562644 0.043703 0.042602
0 0.472125 0.497481 0.043000 0.035093
0 0.427365 0.440463 0.019740 0.041352
0 0.414326 0.474301 0.023266 0.036343
