0 0.342091 0.382157 0.026786 0.030204
0 0.467560 0.383407 0.029609 0.032704
0 0.446060 0.378398 0.024672 0.032704
0 0.241995 0.498134 0.066260 0.051380
0 0.237766 0.461792 0.054979 0.031324
0 0.276182 0.412861 0.043000 0.049000
0 0.297682 0.409102 0.023969 0.036463
0 0.361122 0.374014 0.031016 0.031454
0 0.370286 0.359602 0.028198 0.022685
0 0.594089 0.496194 0.034542 0.055259
0 0.576112 0.409162 0.050755 0.036343
0 0.434784 0.369000 0.024672 0.028944
0 0.407646 0.461102 0.057802 0.045241
0 0.233539 0.434787 0.035245 0.030204
0 0.255036 0.429778 0.033125 0.032704
0 0.312839 0.400958 0.031719 0.035213
0 0.324820 0.389051 0.026078 0.031454
