0 0.975172 0.021069 0.009625 0.018833
0 0.965543 0.031333 0.011555 0.018833
0 0.968434 0.069854 0.013477 0.017125
0 0.053641 0.019521 0.038516 0.039042
0 0.057973 0.032958 0.037555 0.042972
0 0.834582 0.111799 0.034664 0.049653
0 0.160547 0.052778 0.030469 0.044444
0 0.005859 0.717361 0.011719 0.073611
0 0.804688 0.155556 0.040625 0.061111
0 0.062500 0.953472 0.123438 0.090278
0 0.198047 0.034722 0.035156 0.044444
0 0.032813 0.912500 0.065625 0.141667
0 0.715234 0.166667 0.053906 0.069444
0 0.644531 0.606944 0.106250 0.147222
0 0.493152 0.472021 0.111305 0.120486
0 0.244922 0.159722 0.046094 0.069444
2 0.448047 0.328472 0.114844 0.184722
0 0.768750 0.193056 0.043750 0.061111
0 0.328125 0.255556 0.068750 0.100000
0 0.375391 0.205556 0.075781 0.086111
0 0.285547 0.335417 0.063281 0.112500
0 0.600781 0.425000 0.081250 0.111111
1 0.892359 0.006681 0.023109 0.013361
