0 0.331168 0.254972 0.030383 0.066417
0 0.370289 0.242438 0.028266 0.063903
0 0.501750 0.250583 0.030375 0.062667
0 0.633582 0.258160 0.034555 0.060097
0 0.707848 0.279806 0.054914 0.061111
0 0.582121 0.244340 0.027492 0.057764
0 0.400586 0.424771 0.057891 0.102764
1 0.103816 0.230556 0.073383 0.072778
0 0.774191 0.045694 0.031086 0.046361
0 0.239180 0.248076 0.035312 0.070181
1 0.064273 0.328278 0.128547 0.107778
0 0.600859 0.897917 0.085156 0.154167
1 0.021617 0.239958 0.043234 0.071556
0 0.290281 0.249347 0.028969 0.062694
0 0.512676 0.721132 0.070555 0.129069
0 0.461891 0.239958 0.029656 0.061528
0 0.414367 0.245972 0.028125 0.066667
