2 0.336844 0.766875 0.064141 0.055139
0 0.809078 0.796951 0.052937 0.067681
0 0.078500 0.941708 0.136750 0.116583
0 0.348824 0.858979 0.090930 0.073931
0 0.382977 0.847076 0.095938 0.067681
0 0.432668 0.831410 0.081133 0.051375
0 0.416496 0.803840 0.071195 0.036347
0 0.439016 0.800708 0.068438 0.042611
0 0.584574 0.746826 0.050820 0.030069
0 0.608191 0.737424 0.031789 0.026319
0 0.249398 0.800083 0.076906 0.051389
0 0.196535 0.810111 0.076898 0.068917
0 0.150719 0.833292 0.059984 0.067667
0 0.178207 0.822639 0.051523 0.053889
