1 0.793598 0.667965 0.207961 0.293236
0 0.036539 0.265646 0.030312 0.042736
0 0.039707 0.270715 0.029602 0.037597
0 0.039004 0.285069 0.025383 0.038972
0 0.056977 0.293840 0.043000 0.079069
0 0.054863 0.310757 0.024664 0.047736
0 0.065086 0.310188 0.031016 0.048875
0 0.183504 0.145965 0.022555 0.031458
0 0.122145 0.239326 0.019805 0.040236
0 0.091871 0.345847 0.036648 0.062778
1 0.030426 0.436757 0.060852 0.146625
1 0.350562 0.131562 0.076125 0.077819
0 0.479555 0.231243 0.056391 0.053875
0 0.300129 0.166646 0.033195 0.037708
0 0.272320 0.248729 0.038063 0.046486
0 0.334352 0.332681 0.056391 0.061528
0 0.410129 0.312632 0.066961 0.069042
0 0.472473 0.416028 0.087477 0.107889
0 0.952539 0.194278 0.026781 0.057639
1 0.556707 0.188604 0.105102 0.104181
