0 0.344922 0.187500 0.066406 0.083333
0 0.651172 0.643750 0.111719 0.143056
0 0.238672 0.261111 0.052344 0.100000
2 0.125391 0.550694 0.194531 0.348611
0 0.521875 0.379861 0.085938 0.106944
0 0.522656 0.500694 0.100000 0.123611
0 0.674219 0.144444 0.050000 0.063889
0 0.824961 0.711667 0.076484 0.115556
0 0.719883 0.117083 0.044609 0.057500
1 0.068750 0.913194 0.135937 0.168056
0 0.232813 0.071528 0.040625 0.051389
0 0.121875 0.029861 0.025000 0.048611
0 0.152141 0.118403 0.037359 0.059028
0 0.901078 0.061382 0.018328 0.030208
