0 0.496500 0.927924 0.052156 0.144153
0 0.429887 0.909729 0.054273 0.150375
0 0.057328 0.720493 0.040969 0.067625
0 0.152160 0.780660 0.047227 0.087708
0 0.197977 0.788181 0.050047 0.122806
0 0.050621 0.229285 0.044477 0.047625
0 0.690344 0.070132 0.060625 0.057653
0 0.757309 0.047576 0.052164 0.047625
0 0.566285 0.942937 0.047930 0.114042
0 0.240590 0.830785 0.052227 0.097736
0 0.296980 0.852090 0.055055 0.130319
0 0.632176 0.942333 0.050023 0.115333
0 0.709023 0.929806 0.054281 0.140389
0 0.950445 0.511861 0.047937 0.109028
0 0.857051 0.092062 0.047227 0.048875
0 0.953266 0.150958 0.047937 0.053889
2 0.764707 0.217375 0.041586 0.134083
