0 0.780215 0.078903 0.047227 0.047611
0 0.987559 0.550083 0.024883 0.122806
0 0.530301 0.447951 0.038133 0.119042
0 0.869699 0.770007 0.074086 0.129069
0 0.197629 0.790063 0.052164 0.126569
0 0.154242 0.773799 0.047297 0.099069
0 0.907793 0.510611 0.050039 0.126556
0 0.806301 0.504958 0.047242 0.152861
0 0.704809 0.494965 0.050070 0.122847
0 0.630426 0.484264 0.042289 0.116472
0 0.240590 0.830785 0.052227 0.097736
0 0.296980 0.852090 0.055055 0.130319
0 0.566285 0.942937 0.047930 0.114042
0 0.632176 0.942333 0.050023 0.115333
0 0.709023 0.929806 0.054281 0.140389
0 0.950445 0.511861 0.047937 0.109028
2 0.765398 0.218625 0.044516 0.134083
