0 0.562809 0.053694 0.047320 0.045028
0 0.540371 0.038104 0.034258 0.031264
0 0.524871 0.024326 0.042430 0.034153
0 0.511410 0.014174 0.047320 0.028347
0 0.475082 0.270174 0.052258 0.067514
0 0.859977 0.238299 0.046906 0.071792
0 0.717406 0.191125 0.045688 0.044306
0 0.792262 0.130208 0.041195 0.044306
0 0.766156 0.104465 0.033859 0.040681
0 0.741273 0.083069 0.033859 0.034167
0 0.719039 0.059861 0.037531 0.045750
0 0.692934 0.041729 0.036711 0.038514
0 0.673355 0.025417 0.036711 0.037778
0 0.654793 0.014903 0.038758 0.029806
0 0.606660 0.095396 0.044461 0.038514
0 0.584836 0.071104 0.039156 0.040681
