0 0.337160 0.050708 0.024039 0.043861
0 0.398438 0.377778 0.098437 0.083333
0 0.775781 0.230556 0.059375 0.069444
0 0.421094 0.145833 0.042188 0.058333
0 0.778125 0.770347 0.129688 0.200972
0 0.967578 0.801389 0.064844 0.136111
0 0.377422 0.157708 0.048281 0.073472
1 0.868359 0.156944 0.125781 0.100000
0 0.451172 0.084028 0.038281 0.056944
0 0.332031 0.350694 0.100000 0.090278
0 0.359363 0.006243 0.024742 0.012486
0 0.351996 0.121507 0.036648 0.060153
0 0.353125 0.465278 0.101562 0.105556
0 0.326621 0.026278 0.025383 0.032583
0 0.963281 0.142361 0.037500 0.043056
0 0.934766 0.172917 0.055469 0.070833
0 0.309668 0.051340 0.025445 0.037597
0 0.504453 0.395833 0.108750 0.094444
0 0.616406 0.284722 0.082812 0.080556
0 0.088672 0.464583 0.094531 0.093056
0 0.856641 0.736111 0.116406 0.175000
1 0.767188 0.338889 0.140625 0.163889
0 0.196094 0.609722 0.115625 0.116667
0 0.957031 0.915278 0.085938 0.158333
0 0.921250 0.935556 0.127656 0.126111
0 0.024219 0.550694 0.046875 0.084722
0 0.422484 0.064493 0.032422 0.041347
0 0.332969 0.088299 0.021094 0.051375
0 0.387207 0.025021 0.031086 0.035097
0 0.423508 0.018750 0.028969 0.032583
0 0.528219 0.021889 0.049344 0.036333
