0 0.570164 0.493021 0.081078 0.104097
0 0.289965 0.838931 0.095867 0.144111
0 0.203953 0.907229 0.102875 0.185458
0 0.347770 0.771889 0.093055 0.152889
0 0.736172 0.766875 0.050781 0.120306
0 0.510598 0.568257 0.080367 0.126569
0 0.543375 0.537556 0.079656 0.112778
0 0.018809 0.450458 0.037617 0.099000
0 0.584258 0.268757 0.048641 0.061403
0 0.719207 0.520632 0.038133 0.106514
0 0.799215 0.523771 0.037430 0.085208
0 0.796074 0.928549 0.077539 0.142903
0 0.609281 0.450458 0.074719 0.106528
0 0.470781 0.620889 0.088125 0.124056
0 0.437289 0.679785 0.088813 0.126569
