0 0.467578 0.119653 0.043703 0.031444
0 0.063203 0.818333 0.126406 0.142861
0 0.114039 0.704924 0.119203 0.116542
0 0.132398 0.601486 0.112078 0.140472
0 0.136594 0.285694 0.064219 0.060278
0 0.674457 0.389701 0.093758 0.085347
0 0.976973 0.451799 0.046055 0.051375
0 0.414004 0.168521 0.060617 0.046486
0 0.435852 0.149104 0.043703 0.032708
0 0.450621 0.137194 0.050820 0.038972
0 0.481988 0.110882 0.037430 0.028958
0 0.488719 0.100236 0.038062 0.027694
0 0.498238 0.083312 0.045820 0.031458
0 0.542293 0.071410 0.019742 0.025181
