0 0.561328 0.132250 0.043703 0.056389
0 0.478816 0.259444 0.042367 0.055139
0 0.339992 0.364076 0.045109 0.063903
0 0.663531 0.422347 0.050750 0.052639
0 0.653312 0.451799 0.057094 0.073931
0 0.639199 0.489389 0.062773 0.076444
0 0.558859 0.592778 0.061328 0.077694
0 0.539473 0.635382 0.064852 0.085208
0 0.509871 0.679861 0.059211 0.078944
0 0.367480 0.843403 0.057805 0.097750
0 0.413301 0.817083 0.059211 0.090222
0 0.444312 0.760069 0.063438 0.091472
0 0.480613 0.724347 0.058508 0.082694
0 0.682566 0.024410 0.029602 0.033958
0 0.792879 0.023160 0.020445 0.023931
0 0.706180 0.068903 0.020437 0.042722
0 0.713895 0.034500 0.024742 0.036333
0 0.586305 0.293271 0.041672 0.052625
