2 0.627258 0.561361 0.069781 0.067667
0 0.596484 0.604861 0.058594 0.056944
0 0.869387 0.395319 0.040883 0.036333
0 0.773871 0.330785 0.014805 0.030069
0 0.796777 0.335167 0.015508 0.033833
0 0.744586 0.384049 0.039547 0.028819
0 0.737922 0.404097 0.038766 0.033833
0 0.709727 0.436049 0.041594 0.032569
0 0.705500 0.459229 0.044406 0.036347
0 0.693160 0.479285 0.040883 0.038847
0 0.660738 0.517500 0.053570 0.045111
0 0.634656 0.536299 0.050750 0.027569
0 0.587430 0.490556 0.049344 0.043861
0 0.601164 0.469257 0.044391 0.031319
0 0.610336 0.452333 0.044406 0.032583
0 0.615273 0.430403 0.045812 0.033833
0 0.625492 0.414743 0.042297 0.027569
0 0.634656 0.395951 0.042297 0.030069
0 0.648754 0.382792 0.039477 0.026306
0 0.706203 0.322014 0.020437 0.032583
0 0.540520 0.389681 0.037430 0.030083
0 0.433059 0.511236 0.053570 0.067667
0 0.463336 0.502458 0.015578 0.032583
0 0.464391 0.483042 0.040250 0.036333
0 0.480957 0.460486 0.045180 0.046361
0 0.500344 0.445444 0.040250 0.033833
0 0.517258 0.427278 0.040250 0.032583
0 0.523637 0.248708 0.024664 0.023806
0 0.822824 0.279410 0.031086 0.027569
0 0.865156 0.298208 0.031016 0.022556
2 0.375609 0.240556 0.030313 0.035083
2 0.548660 0.263118 0.021148 0.042597
0 0.573828 0.632639 0.060156 0.059722
0 0.387500 0.585417 0.048438 0.056944
1 0.293105 0.228653 0.036023 0.031333
0 0.717129 0.271889 0.033836 0.025056
0 0.741410 0.265000 0.024742 0.023806
0 0.783391 0.271889 0.029594 0.022556
0 0.862332 0.417875 0.040883 0.036333
0 0.636773 0.340187 0.036656 0.026319
0 0.554262 0.369632 0.036727 0.030069
0 0.511652 0.317625 0.027492 0.033833
0 0.412582 0.248056 0.028273 0.017500
0 0.421078 0.239944 0.023969 0.021278
0 0.364297 0.254340 0.021922 0.017542
2 0.118945 0.904167 0.048828 0.122222
1 0.587500 0.256944 0.051562 0.069444
0 0.502344 0.617361 0.046875 0.048611
0 0.558984 0.669444 0.061719 0.058333
0 0.539844 0.564583 0.059375 0.051389
0 0.763281 0.684167 0.067187 0.060000
0 0.510938 0.729167 0.059375 0.069444
0 0.740234 0.765278 0.074219 0.077778
0 0.338672 0.667361 0.046094 0.048611
0 0.482031 0.764583 0.070312 0.073611
0 0.439453 0.811806 0.063281 0.068056
0 0.303516 0.706944 0.057031 0.061111
0 0.057031 0.886806 0.051562 0.073611
1 0.883801 0.286924 0.037430 0.035097
0 0.459141 0.243069 0.025375 0.020056
0 0.504254 0.354604 0.028195 0.030042
0 0.529590 0.408451 0.043773 0.035042
0 0.567305 0.356479 0.034609 0.026319
2 0.583520 0.333896 0.044477 0.043903
0 0.728051 0.320132 0.021852 0.038847
0 0.646629 0.362736 0.042320 0.023806
0 0.851762 0.454847 0.040883 0.032583
0 0.846828 0.472389 0.042297 0.032583
0 0.840133 0.489299 0.043000 0.041375
0 0.830613 0.510604 0.046523 0.038847
0 0.827090 0.537549 0.045117 0.047625
0 0.815453 0.563854 0.050031 0.042569
0 0.804180 0.592062 0.050047 0.046375
0 0.758363 0.725521 0.059914 0.057653
0 0.518750 0.591667 0.059375 0.047222
0 0.230859 0.539097 0.041406 0.050417
0 0.793750 0.623403 0.059375 0.058750
0 0.366406 0.616667 0.051562 0.055556
0 0.239766 0.613819 0.044219 0.050694
