0 0.257520 0.890958 0.108555 0.183083
0 0.024438 0.452361 0.048875 0.112917
2 0.839754 0.104056 0.045117 0.057639
0 0.574719 0.483750 0.080359 0.122806
0 0.630758 0.429236 0.069781 0.086472
0 0.557801 0.280743 0.047930 0.067681
0 0.702656 0.298917 0.037359 0.068917
0 0.586352 0.046972 0.024672 0.041472
0 0.753055 0.395410 0.045109 0.083958
0 0.720629 0.522597 0.038070 0.112778
0 0.715344 0.670472 0.044406 0.122806
0 0.824602 0.761319 0.064141 0.149111
0 0.805566 0.954910 0.064148 0.090181
0 0.718516 0.144090 0.031016 0.045236
2 0.834117 0.148542 0.054984 0.066417
0 0.543348 0.532000 0.078242 0.111528
0 0.513746 0.567708 0.086695 0.120306
0 0.473922 0.625979 0.093047 0.129069
0 0.348449 0.765701 0.094461 0.150375
0 0.304391 0.819590 0.099391 0.165403
