0 0.465797 0.380278 0.026083 0.033963
0 0.437250 0.369625 0.028198 0.030194
0 0.310018 0.394690 0.028901 0.037713
0 0.326229 0.384037 0.035948 0.043981
0 0.373107 0.367745 0.026786 0.026435
0 0.488003 0.386546 0.026786 0.028944
1 0.349490 0.585792 0.068375 0.189343
0 0.715680 0.733667 0.088818 0.141741
0 0.348086 0.381532 0.019036 0.031454
0 0.359359 0.374014 0.026083 0.031454
0 0.289576 0.407847 0.035953 0.038972
0 0.264552 0.430403 0.023969 0.038972
2 0.221203 0.437292 0.076833 0.072806
0 0.243055 0.495000 0.058505 0.052630
0 0.576815 0.408537 0.052161 0.035093
