0 0.680729 0.031944 0.028125 0.047222
0 0.708279 0.188546 0.037359 0.064037
0 0.737883 0.097759 0.028901 0.047611
0 0.725000 0.133333 0.034375 0.061111
0 0.439323 0.377778 0.082812 0.116667
0 0.563542 0.126852 0.045833 0.068519
0 0.700000 0.075000 0.027083 0.042593
0 0.959115 0.653704 0.081771 0.118519
0 0.833750 0.580218 0.097979 0.115287
0 0.747049 0.065801 0.020443 0.036343
0 0.661404 0.355907 0.043703 0.095241
0 0.341406 0.733333 0.108854 0.170370
0 0.469792 0.512963 0.088542 0.140741
0 0.642448 0.184722 0.041146 0.060185
0 0.639062 0.090741 0.039583 0.061111
0 0.637083 0.035102 0.031719 0.050130
