0 0.950391 0.147917 0.042969 0.045833
0 0.987559 0.145326 0.024883 0.037597
0 0.915516 0.154722 0.034609 0.056389
0 0.262109 0.588889 0.117969 0.127778
0 0.062891 0.599306 0.116406 0.106944
0 0.379688 0.059028 0.035937 0.048611
0 0.371094 0.012500 0.029687 0.025000
0 0.793359 0.233333 0.061719 0.072222
0 0.093359 0.670833 0.100781 0.116667
0 0.855859 0.215972 0.050781 0.059722
0 0.940625 0.186806 0.045312 0.051389
1 0.828516 0.165278 0.141406 0.111111
0 0.307031 0.036806 0.028125 0.045833
0 0.248438 0.512500 0.126562 0.113889
