0 0.699801 0.046069 0.039086 0.039278
0 0.674988 0.024917 0.042492 0.044111
0 0.654762 0.012611 0.036711 0.025222
0 0.602750 0.091694 0.042156 0.037472
0 0.584902 0.069035 0.051336 0.045319
0 0.528813 0.021069 0.059484 0.042139
0 0.545469 0.038819 0.041812 0.033250
2 0.849086 0.770590 0.123594 0.167514
0 0.553934 0.387687 0.061227 0.086292
0 0.925008 0.305326 0.047594 0.059819
0 0.864840 0.245500 0.049633 0.070694
0 0.715777 0.192924 0.046570 0.046542
0 0.691133 0.165125 0.048266 0.045333
0 0.775094 0.156361 0.053031 0.071306
0 0.793113 0.129771 0.032633 0.030208
0 0.768457 0.108618 0.037070 0.036264
0 0.703879 0.092903 0.046570 0.051972
0 0.740254 0.081729 0.034336 0.035653
0 0.718156 0.067528 0.033656 0.037472
