0 0.749098 0.579325 0.060305 0.053750
0 0.736953 0.593044 0.066406 0.063162
0 0.922930 0.831525 0.090859 0.071450
0 0.861453 0.942919 0.118344 0.088962
0 0.780348 0.575750 0.051695 0.048875
0 0.727914 0.615981 0.064297 0.046362
0 0.680527 0.646675 0.071352 0.060150
0 0.662867 0.679825 0.070484 0.061275
0 0.623355 0.689288 0.069633 0.077700
0 0.586543 0.701819 0.071352 0.067663
0 0.558699 0.726875 0.078320 0.070175
0 0.794094 0.557081 0.057094 0.056388
0 0.823816 0.541356 0.054039 0.045237
0 0.836352 0.511838 0.049344 0.038850
0 0.865328 0.499938 0.039938 0.040100
0 0.876293 0.493737 0.036805 0.037725
0 0.881777 0.481206 0.041508 0.032713
0 0.950305 0.749313 0.073625 0.060150
0 0.942477 0.793856 0.081453 0.063787
0 0.853187 0.506894 0.042297 0.043987
0 0.522672 0.748181 0.079891 0.067663
0 0.406367 0.823875 0.088500 0.099000
0 0.909227 0.877881 0.099391 0.083962
0 0.110316 0.970550 0.065008 0.058775
0 0.060582 0.904069 0.059523 0.104013
0 0.835957 0.742419 0.056398 0.068912
0 0.810895 0.668544 0.046992 0.064038
0 0.824992 0.604638 0.039156 0.049000
0 0.708684 0.639094 0.072836 0.065287
0 0.886395 0.542294 0.032898 0.045112
0 0.938090 0.539288 0.029133 0.039100
1 0.894383 0.661094 0.062031 0.096238
0 0.922578 0.627256 0.030078 0.046613
0 0.882168 0.404700 0.033836 0.022550
0 0.830004 0.387406 0.027258 0.021063
0 0.772676 0.374625 0.029133 0.022550
0 0.348410 0.959931 0.119836 0.080138
0 0.953594 0.423494 0.030078 0.024063
0 0.408324 0.980606 0.086148 0.038787
0 0.647988 0.827694 0.076758 0.094112
0 0.843398 0.968700 0.113563 0.062600
0 0.355891 0.847119 0.076672 0.105388
0 0.011102 0.741225 0.022203 0.079075
