0 0.702604 0.289815 0.086458 0.062963
0 0.857031 0.829630 0.164062 0.301852
0 0.778125 0.428241 0.104167 0.130556
0 0.150000 0.852315 0.247917 0.287963
0 0.835677 0.390741 0.060937 0.087037
0 0.771094 0.962963 0.135937 0.068519
0 0.711458 0.238704 0.045833 0.044815
0 0.436719 0.669444 0.210938 0.257407
0 0.623958 0.556944 0.159375 0.169444
0 0.939323 0.620833 0.093229 0.189815
0 0.600000 0.246296 0.064583 0.059259
0 0.934609 0.274259 0.037969 0.045926
0 0.643490 0.211111 0.052604 0.046296
0 0.751432 0.246759 0.051823 0.056481
0 0.681250 0.222222 0.052083 0.053704
0 0.952508 0.274421 0.026786 0.040102
0 0.963078 0.270662 0.029604 0.042602
0 0.964841 0.254995 0.041589 0.043861
0 0.980349 0.250611 0.031719 0.035093
0 0.553190 0.187310 0.041589 0.041306
0 0.606055 0.202995 0.051453 0.042602
