0 0.492969 0.773750 0.082812 0.082500
0 0.838344 0.969956 0.125391 0.060088
0 0.596094 0.695000 0.082812 0.080000
0 0.892965 0.902494 0.101555 0.067512
0 0.628516 0.686250 0.074219 0.065000
0 0.662891 0.668750 0.074219 0.067500
0 0.397656 0.815625 0.093750 0.123750
0 0.441406 0.796875 0.078125 0.086250
0 0.537500 0.751250 0.081250 0.085000
0 0.558594 0.724375 0.092188 0.083750
0 0.361719 0.851250 0.079687 0.117500
0 0.802672 0.547556 0.044641 0.042612
0 0.823031 0.540100 0.049344 0.037725
0 0.834000 0.533275 0.049344 0.041350
0 0.882559 0.483706 0.039945 0.035213
0 0.872379 0.493737 0.039945 0.037725
0 0.755285 0.586469 0.057961 0.047737
0 0.738449 0.598437 0.060305 0.051375
0 0.747848 0.366538 0.028977 0.018925
0 0.783875 0.379069 0.032109 0.023937
0 0.828516 0.392231 0.024281 0.022688
0 0.848918 0.513156 0.057258 0.026438
0 0.863371 0.500000 0.040727 0.035225
0 0.728266 0.617169 0.063437 0.041238
0 0.707902 0.640994 0.046211 0.053987
0 0.676574 0.645431 0.065008 0.075187
0 0.902141 0.573875 0.032109 0.042600
0 0.875117 0.546369 0.032891 0.035213
0 0.768992 0.568362 0.055609 0.048875
0 0.785086 0.553256 0.054906 0.056512
0 0.560156 0.966875 0.115625 0.063750
0 0.917188 0.871250 0.095312 0.082500
0 0.955859 0.758125 0.083594 0.073750
0 0.930469 0.822500 0.089063 0.082500
0 0.794922 0.615625 0.047656 0.056250
0 0.735156 0.663750 0.056250 0.075000
0 0.741016 0.840625 0.074219 0.088750
0 0.841051 0.580137 0.033680 0.040100
0 0.326875 0.973650 0.100250 0.052700
0 0.871875 0.938750 0.106250 0.100000
0 0.012891 0.751250 0.025781 0.072500
