0 0.575039 0.721792 0.126172 0.172935
0 0.362164 0.373421 0.026078 0.032583
0 0.347362 0.378431 0.037359 0.040102
0 0.330443 0.390338 0.031719 0.031324
0 0.312115 0.400361 0.031719 0.033833
0 0.292732 0.410384 0.033839 0.036343
0 0.276169 0.417907 0.028901 0.038852
0 0.253961 0.429815 0.039474 0.042593
0 0.228589 0.439213 0.042292 0.041352
0 0.253609 0.498736 0.052865 0.055139
0 0.267005 0.485579 0.038771 0.043861
0 0.414326 0.444847 0.069786 0.057639
0 0.827380 0.800741 0.134615 0.162907
0 0.172195 0.854625 0.188911 0.190472
0 0.582797 0.406625 0.041594 0.036343
0 0.471422 0.377806 0.031719 0.038852
0 0.448513 0.376551 0.018328 0.031324
1 0.421023 0.362769 0.026786 0.048870
0 0.382604 0.359634 0.027490 0.027565
0 0.372385 0.366528 0.025375 0.023815
