0 0.514062 0.670370 0.032292 0.064815
0 0.528164 0.438583 0.015505 0.025056
0 0.532393 0.465523 0.018328 0.038843
2 0.608854 0.684259 0.053125 0.153704
0 0.447656 0.667593 0.049479 0.064815
0 0.456771 0.610648 0.057292 0.047222
0 0.700521 0.968981 0.083333 0.060185
0 0.532042 0.565148 0.024667 0.057648
0 0.587729 0.463644 0.019031 0.042602
0 0.570104 0.402241 0.014802 0.022556
0 0.487633 0.501236 0.042995 0.032583
0 0.414677 0.473671 0.021146 0.040102
0 0.546490 0.359009 0.012688 0.021296
0 0.530281 0.359639 0.012687 0.022556
