0 0.123438 0.933796 0.045833 0.082407
0 0.816146 0.565278 0.025000 0.049074
0 0.947396 0.618981 0.021875 0.047222
0 0.053385 0.815741 0.032813 0.061111
0 0.086458 0.876389 0.042708 0.073148
0 0.156690 0.410384 0.022557 0.028824
0 0.012789 0.604625 0.025578 0.031324
0 0.922656 0.598148 0.021354 0.053704
0 0.192188 0.391667 0.020833 0.022222
0 0.202083 0.436111 0.020833 0.031481
0 0.881771 0.591667 0.020833 0.046296
0 0.735156 0.541667 0.029687 0.042593
0 0.252083 0.458333 0.027083 0.029630
0 0.013802 0.641667 0.027604 0.046296
0 0.779687 0.559722 0.025000 0.045370
