0 0.847831 0.580810 0.019036 0.043861
0 0.884484 0.591468 0.021854 0.047620
0 0.921490 0.599611 0.021146 0.053889
0 0.951096 0.619037 0.018328 0.045111
0 0.202154 0.436079 0.021849 0.027565
0 0.179245 0.424176 0.023969 0.026315
0 0.156339 0.410384 0.023260 0.028824
0 0.123698 0.934722 0.046354 0.082407
0 0.086719 0.875463 0.040104 0.065741
0 0.729688 0.533333 0.029167 0.044444
0 0.013143 0.602120 0.026286 0.033833
0 0.788542 0.557870 0.025000 0.047222
0 0.762760 0.549074 0.027604 0.040741
0 0.013281 0.644676 0.026562 0.040278
0 0.192188 0.391204 0.020833 0.019444
0 0.818227 0.572671 0.021849 0.047620
