0 0.807004 0.954868 0.066961 0.090264
0 0.618445 0.231167 0.042297 0.056389
0 0.632156 0.431035 0.067031 0.085208
0 0.604664 0.456097 0.071266 0.100250
0 0.443246 0.663493 0.088180 0.136597
0 0.393902 0.711736 0.113555 0.167917
0 0.514117 0.567625 0.087406 0.125306
0 0.304031 0.818257 0.097344 0.172931
0 0.496129 0.616514 0.082430 0.105306
0 0.249797 0.899042 0.094469 0.151667
0 0.715367 0.669132 0.044406 0.120292
2 0.833789 0.148451 0.055688 0.063903
2 0.840133 0.103972 0.044406 0.055139
0 0.574039 0.482396 0.081766 0.122847
0 0.543375 0.535042 0.079656 0.112778
0 0.348473 0.766875 0.095867 0.152889
0 0.582141 0.261861 0.044406 0.057639
0 0.704406 0.296951 0.036719 0.067681
0 0.586371 0.048201 0.023258 0.041347
0 0.251867 0.553847 0.088891 0.112778
0 0.891238 0.938576 0.066258 0.122847
