0 0.979793 0.463639 0.040414 0.052750
0 0.421758 0.172285 0.062031 0.041486
0 0.434410 0.150354 0.048008 0.037708
0 0.440082 0.127799 0.066258 0.060264
0 0.468988 0.125292 0.028195 0.035222
0 0.499648 0.084562 0.043000 0.033958
0 0.494008 0.095215 0.037359 0.030208
0 0.478469 0.114014 0.040250 0.032694
0 0.113371 0.708000 0.116305 0.127944
0 0.135574 0.582062 0.097273 0.156764
0 0.304004 0.312007 0.086070 0.080319
0 0.026902 0.271924 0.053805 0.060236
0 0.715660 0.441708 0.087477 0.081583
0 0.541234 0.178549 0.031719 0.043986
