0 0.161652 0.036382 0.035242 0.052625
0 0.842223 0.035750 0.023258 0.033833
0 0.867949 0.062076 0.022555 0.026319
0 0.860902 0.098410 0.023961 0.048875
0 0.883813 0.025132 0.019031 0.019986
0 0.896148 0.044528 0.019734 0.023806
0 0.923285 0.014451 0.014805 0.021292
0 0.967695 0.034507 0.011984 0.026319
0 0.131344 0.081493 0.028203 0.050125
0 0.186680 0.077111 0.037359 0.058889
0 0.059094 0.032000 0.035953 0.043861
0 0.054863 0.017562 0.037352 0.035125
0 0.842453 0.118319 0.024391 0.037389
0 0.806641 0.058333 0.032031 0.044444
0 0.196094 0.192361 0.048438 0.076389
0 0.770312 0.172222 0.042188 0.072222
0 0.232813 0.295139 0.043750 0.106944
0 0.685156 0.131944 0.045312 0.058333
0 0.097266 0.961111 0.117969 0.075000
0 0.227344 0.120833 0.048438 0.088889
0 0.110156 0.018056 0.025000 0.036111
0 0.808203 0.134028 0.041406 0.073611
0 0.735156 0.104167 0.043750 0.052778
0 0.773828 0.075000 0.036719 0.050000
0 0.219141 0.054861 0.038281 0.045833
0 0.433203 0.376389 0.086719 0.105556
0 0.672656 0.780556 0.117188 0.172222
0 0.554688 0.389583 0.092188 0.118056
0 0.277734 0.188889 0.053906 0.083333
0 0.099219 0.827083 0.101562 0.145833
0 0.344141 0.256944 0.077344 0.111111
0 0.369922 0.206250 0.067969 0.079167
0 0.685937 0.189583 0.048438 0.070833
0 0.723828 0.215278 0.052344 0.083333
0 0.014453 0.935417 0.028906 0.093056
