0 0.464036 0.382157 0.023969 0.030204
0 0.621578 0.545690 0.047229 0.081583
0 0.505625 0.469875 0.070490 0.047750
0 0.546862 0.454213 0.058505 0.041481
0 0.299797 0.428523 0.040885 0.052750
0 0.391784 0.370255 0.034536 0.054009
0 0.341737 0.462986 0.062734 0.046491
0 0.431609 0.370875 0.025375 0.027694
0 0.584922 0.401579 0.035948 0.031454
0 0.442536 0.377144 0.026083 0.030194
0 0.354784 0.370935 0.023974 0.032574
0 0.368875 0.352769 0.023969 0.026315
0 0.486932 0.387157 0.035927 0.035241
0 0.247977 0.497509 0.048620 0.052630
0 0.281117 0.483130 0.052870 0.043926
0 0.235289 0.440514 0.037339 0.036380
0 0.256099 0.426718 0.031031 0.041380
0 0.275125 0.418560 0.028198 0.035083
0 0.292747 0.406653 0.029609 0.038861
0 0.309318 0.394731 0.033135 0.042574
0 0.328344 0.391602 0.024667 0.028833
0 0.339266 0.380347 0.026781 0.031343
0 0.372753 0.367181 0.014807 0.025065
