0 0.863020 0.968669 0.102602 0.062662
0 0.890035 0.916037 0.097117 0.070175
0 0.908051 0.867169 0.101820 0.075187
0 0.928809 0.827069 0.090070 0.067663
0 0.942512 0.785087 0.083023 0.053875
0 0.949973 0.745613 0.071305 0.052625
0 0.707156 0.859650 0.080672 0.092725
0 0.621008 0.760594 0.068141 0.065288
0 0.757676 0.588975 0.061086 0.052625
0 0.521891 0.752506 0.079969 0.071438
0 0.560699 0.726819 0.077539 0.065162
0 0.587328 0.703631 0.072844 0.063912
0 0.619008 0.689787 0.056469 0.056525
0 0.663301 0.678569 0.066570 0.063912
0 0.749410 0.676694 0.060383 0.057638
0 0.682055 0.648431 0.076047 0.064038
0 0.822641 0.538156 0.056469 0.041487
0 0.815594 0.551381 0.040812 0.035087
0 0.847707 0.580769 0.039242 0.046487
0 0.793664 0.558269 0.054906 0.053888
0 0.783129 0.575819 0.046211 0.053887
0 0.712641 0.633400 0.057172 0.059025
0 0.729832 0.618425 0.061945 0.051375
0 0.741617 0.600875 0.057172 0.048875
0 0.350801 0.854013 0.079102 0.091475
0 0.011512 0.741231 0.023023 0.076437
0 0.407539 0.826437 0.087797 0.101500
0 0.453398 0.792606 0.088500 0.088962
0 0.556352 0.816981 0.081531 0.085337
0 0.836742 0.516294 0.043938 0.045112
0 0.854754 0.508144 0.045508 0.046362
0 0.867328 0.498125 0.037594 0.038850
0 0.879426 0.493106 0.035320 0.036337
0 0.882949 0.478694 0.040805 0.035087
0 0.920152 0.496862 0.029055 0.038850
0 0.922500 0.415350 0.036891 0.026450
0 0.695410 0.353381 0.030539 0.022563
0 0.642504 0.338975 0.026711 0.018800
