0 0.883594 0.496296 0.032813 0.048148
1 0.160677 0.714352 0.060937 0.158333
0 0.483594 0.480093 0.033854 0.049074
0 0.253125 0.636111 0.041667 0.103704
0 0.323698 0.631019 0.035937 0.089815
0 0.039062 0.779630 0.059375 0.068519
0 0.271615 0.724537 0.042188 0.093519
0 0.729167 0.493981 0.037500 0.058333
0 0.975000 0.669444 0.041667 0.050000
0 0.322135 0.728241 0.044271 0.112037
0 0.393750 0.472685 0.031250 0.065741
0 0.359635 0.744444 0.040104 0.105556
1 0.217969 0.724074 0.056771 0.146296
0 0.455469 0.469444 0.023438 0.051852
0 0.864062 0.502778 0.032292 0.053704
0 0.946354 0.834722 0.045833 0.087963
0 0.452391 0.637208 0.031719 0.081454
0 0.088177 0.585648 0.055521 0.069444
0 0.834896 0.500000 0.036458 0.059259
0 0.116667 0.434259 0.047917 0.055556
0 0.679167 0.500000 0.036458 0.059259
0 0.805469 0.499074 0.034896 0.051852
1 0.404104 0.748106 0.046521 0.182954
1 0.450979 0.763148 0.038771 0.170426
0 0.542263 0.632194 0.032422 0.068926
0 0.899641 0.906630 0.071896 0.063907
0 0.411154 0.633449 0.025380 0.051380
0 0.365336 0.626556 0.038068 0.112778
