0 0.632176 0.942333 0.050023 0.115333
0 0.709023 0.929806 0.054281 0.140389
0 0.621969 0.118382 0.062031 0.051375
0 0.667051 0.040681 0.056445 0.043861
0 0.715367 0.125271 0.062734 0.052625
2 0.764004 0.219889 0.041586 0.134111
0 0.806652 0.132785 0.053570 0.050125
0 0.997426 0.166000 0.005148 0.031333
0 0.915555 0.144069 0.050047 0.047611
0 0.886266 0.271889 0.029672 0.077694
0 0.198684 0.788181 0.052867 0.122806
0 0.056621 0.722361 0.042383 0.073889
0 0.429887 0.912243 0.054273 0.150375
0 0.866926 0.592028 0.044430 0.126500
0 0.240590 0.830785 0.052227 0.097736
0 0.296980 0.852090 0.055055 0.130319
0 0.566285 0.942937 0.047930 0.114042
