0 0.192656 0.129660 0.024031 0.028819
0 0.803828 0.904111 0.170578 0.191778
0 0.873262 0.799451 0.144508 0.172931
0 0.967820 0.762465 0.064359 0.119097
0 0.651926 0.493694 0.109258 0.112778
0 0.433375 0.315118 0.071266 0.071431
0 0.104973 0.120479 0.019945 0.033431
0 0.310020 0.358354 0.069852 0.092736
0 0.331168 0.240556 0.050117 0.057639
0 0.203582 0.226146 0.043070 0.058903
0 0.134937 0.155653 0.026922 0.037056
0 0.583203 0.182292 0.056391 0.043861
0 0.644871 0.174771 0.048648 0.041347
0 0.686820 0.185424 0.049344 0.047625
0 0.203937 0.170389 0.035312 0.045111
0 0.626551 0.238056 0.057102 0.047611
