0 0.771354 0.962500 0.135417 0.069444
0 0.943229 0.611574 0.101042 0.208333
0 0.702604 0.288889 0.086458 0.064815
0 0.436198 0.668981 0.210938 0.258333
0 0.778385 0.428241 0.103646 0.130556
0 0.617188 0.534259 0.143750 0.181481
0 0.139583 0.885185 0.276042 0.222222
0 0.857292 0.827778 0.164583 0.300000
0 0.606758 0.202370 0.054276 0.041352
0 0.643062 0.213023 0.050750 0.055139
0 0.681125 0.226176 0.049344 0.056389
0 0.719190 0.238083 0.052161 0.045111
0 0.758664 0.248106 0.060620 0.065157
0 0.838021 0.389815 0.057292 0.087037
0 0.921849 0.314815 0.036406 0.061111
0 0.601823 0.247685 0.067187 0.054630
0 0.965195 0.253120 0.042297 0.042611
0 0.981406 0.251866 0.032427 0.035083
0 0.952857 0.268782 0.045818 0.046361
0 0.931714 0.271917 0.034542 0.035093
0 0.945104 0.303245 0.031719 0.042602
0 0.538737 0.221792 0.043703 0.057639
