0 0.711786 0.237454 0.051458 0.046370
0 0.314323 0.768056 0.261979 0.273148
0 0.826302 0.846759 0.195312 0.299074
0 0.553906 0.585185 0.182812 0.218519
0 0.691146 0.495833 0.116667 0.143519
0 0.780208 0.424074 0.088542 0.105556
0 0.952865 0.612963 0.091146 0.172222
0 0.076302 0.892130 0.152604 0.208333
0 0.720052 0.286111 0.085938 0.077778
0 0.841667 0.385648 0.066667 0.091667
0 0.980729 0.505093 0.038542 0.097222
0 0.920573 0.319444 0.040104 0.059259
0 0.600000 0.246759 0.063542 0.058333
0 0.751263 0.253116 0.054276 0.055139
0 0.678305 0.226806 0.050755 0.052630
0 0.633193 0.213648 0.050750 0.048870
0 0.600062 0.202366 0.038063 0.038843
0 0.576096 0.194245 0.046526 0.042565
0 0.542969 0.186079 0.046521 0.038843
0 0.936294 0.273796 0.049339 0.041352
0 0.952505 0.271917 0.032427 0.040093
0 0.965547 0.265648 0.043000 0.037593
0 0.974359 0.254375 0.038062 0.035083
0 0.980703 0.246852 0.038062 0.035093
