0 0.458691 0.091208 0.026398 0.023306
0 0.471496 0.076778 0.026695 0.024417
0 0.485691 0.066236 0.021398 0.022194
0 0.494594 0.057500 0.028266 0.022472
0 0.521441 0.051542 0.026086 0.020833
0 0.293414 0.787854 0.057328 0.143347
0 0.162891 0.947847 0.055469 0.104306
0 0.224391 0.887528 0.045641 0.150333
0 0.080980 0.291292 0.013430 0.022750
0 0.111469 0.256993 0.014828 0.024069
0 0.111211 0.284271 0.015094 0.026847
0 0.142754 0.268597 0.013664 0.023139
0 0.157906 0.273104 0.016391 0.028931
0 0.173973 0.278194 0.025102 0.033556
1 0.129012 0.308278 0.038211 0.059139
0 0.428137 0.494854 0.081273 0.089764
0 0.639992 0.215000 0.049078 0.069306
0 0.717445 0.176535 0.038406 0.050319
0 0.765012 0.042597 0.022758 0.026167
0 0.802941 0.042375 0.019773 0.029361
0 0.465367 0.162167 0.038656 0.039194
0 0.399133 0.128021 0.032922 0.027319
0 0.607637 0.103972 0.035758 0.031000
0 0.585145 0.136278 0.042148 0.035000
0 0.422121 0.110333 0.035914 0.030722
0 0.530047 0.083417 0.035219 0.026917
0 0.499719 0.134826 0.035094 0.035347
0 0.567984 0.147042 0.044234 0.029778
0 0.772500 0.027083 0.035625 0.029167
0 0.787332 0.021875 0.027492 0.023056
0 0.796930 0.010597 0.027953 0.021194
0 0.515484 0.188167 0.051250 0.039806
0 0.560527 0.164882 0.040461 0.037458
0 0.482812 0.150000 0.037500 0.030556
0 0.442969 0.154861 0.037500 0.029167
0 0.391273 0.212597 0.040734 0.040806
0 0.521551 0.125569 0.034258 0.029778
0 0.537332 0.110931 0.037758 0.031194
0 0.554434 0.095194 0.039023 0.033889
0 0.566297 0.081319 0.031219 0.030556
0 0.577922 0.075903 0.030125 0.025278
0 0.458430 0.140167 0.033094 0.029972
0 0.475289 0.118931 0.033406 0.028028
0 0.496516 0.108111 0.031531 0.020250
0 0.511895 0.096875 0.032305 0.023861
0 0.544598 0.072729 0.025914 0.019431
0 0.333266 0.182625 0.029672 0.030417
0 0.362711 0.159451 0.031469 0.028014
0 0.380469 0.144264 0.026969 0.025611
0 0.437539 0.098986 0.029984 0.025528
