0 0.691667 0.837778 0.082292 0.084815
0 0.522214 0.496019 0.021094 0.039444
0 0.586669 0.464273 0.019734 0.038843
0 0.569753 0.402870 0.012693 0.026315
0 0.526755 0.440463 0.016917 0.031333
0 0.434055 0.483069 0.019047 0.033843
0 0.414331 0.475551 0.020432 0.036343
0 0.424547 0.444222 0.021146 0.046370
0 0.529576 0.360889 0.011276 0.022556
0 0.545432 0.359009 0.010573 0.023815
0 0.572219 0.360889 0.010573 0.020056
0 0.594424 0.358380 0.011276 0.030074
0 0.610495 0.710139 0.031302 0.062130
0 0.456771 0.611111 0.057292 0.050000
0 0.452344 0.842593 0.083854 0.074074
0 0.447396 0.671806 0.047917 0.061944
0 0.460417 0.781806 0.090625 0.082685
0 0.454948 0.534583 0.051562 0.041944
