0 0.186328 0.128472 0.041406 0.054167
0 0.396484 0.050694 0.032031 0.048611
0 0.710547 0.250000 0.110156 0.108333
0 0.348438 0.195833 0.078125 0.083333
0 0.850000 0.017361 0.028125 0.034722
0 0.587500 0.456944 0.162500 0.216667
0 0.270703 0.155556 0.060156 0.075000
0 0.069664 0.127174 0.026078 0.036458
0 0.872902 0.047597 0.029180 0.034250
0 0.765820 0.072278 0.043906 0.046333
0 0.325891 0.038826 0.043703 0.047736
0 0.297695 0.031931 0.032422 0.041472
0 0.281133 0.025667 0.031719 0.041472
0 0.256109 0.027549 0.025375 0.037708
0 0.626953 0.263194 0.102344 0.095833
0 0.585156 0.302778 0.120313 0.116667
0 0.447656 0.229167 0.106250 0.108333
0 0.268359 0.100000 0.060156 0.047222
0 0.147266 0.111806 0.038281 0.048611
0 0.912109 0.304861 0.089844 0.115278
0 0.808203 0.043750 0.035156 0.048611
0 0.362500 0.048611 0.046875 0.055556
