0 0.767859 0.110250 0.035406 0.037778
0 0.528914 0.021007 0.058922 0.042014
0 0.924598 0.305750 0.047930 0.060444
0 0.863918 0.245319 0.050992 0.068889
0 0.715734 0.193097 0.045609 0.047333
0 0.752703 0.143229 0.041922 0.045347
0 0.791090 0.131403 0.035977 0.041806
0 0.740949 0.082299 0.035414 0.033236
0 0.693359 0.165146 0.046172 0.040792
0 0.717863 0.066687 0.033992 0.036264
0 0.700156 0.046042 0.037109 0.042306
0 0.644355 0.112764 0.047305 0.045833
0 0.602992 0.092875 0.044469 0.039278
0 0.584719 0.072479 0.052125 0.044819
0 0.655684 0.012951 0.037680 0.025903
0 0.545344 0.037479 0.040797 0.034236
