2 0.573698 0.331944 0.201563 0.193519
0 0.301823 0.206944 0.048438 0.050926
0 0.149219 0.249074 0.036979 0.050000
0 0.268750 0.191667 0.044792 0.042593
0 0.836198 0.187500 0.040104 0.047222
0 0.885938 0.125926 0.033333 0.035185
0 0.130208 0.164352 0.031250 0.032407
0 0.847396 0.144444 0.035417 0.042593
0 0.393380 0.150463 0.052760 0.041667
0 0.915365 0.141204 0.031771 0.037963
0 0.101562 0.149074 0.026042 0.029630
0 0.711458 0.186111 0.047917 0.050000
0 0.759635 0.161111 0.033854 0.042593
0 0.786859 0.203620 0.049344 0.061407
0 0.738221 0.201116 0.045109 0.046361
2 0.804128 0.152870 0.069786 0.072685
1 0.991409 0.245597 0.017182 0.077694
0 0.922549 0.107759 0.024672 0.030074
0 0.944753 0.095852 0.022557 0.028815
0 0.962729 0.083944 0.023260 0.030074
0 0.981409 0.078935 0.018328 0.030074
0 0.378023 0.145352 0.039474 0.030074
0 0.350885 0.140338 0.040177 0.035083
0 0.316698 0.127806 0.040885 0.032574
0 0.299781 0.122167 0.040885 0.031333
0 0.281453 0.118407 0.036656 0.031333
0 0.194047 0.092093 0.028198 0.023815
0 0.200039 0.068282 0.026078 0.023806
0 0.141885 0.134699 0.025375 0.031324
0 0.105232 0.123421 0.022557 0.023806
0 0.034039 0.167903 0.022557 0.032583
0 0.078799 0.140338 0.021849 0.027565
1 0.020997 0.068282 0.028901 0.031324
0 0.171492 0.911639 0.136745 0.139093
0 0.501823 0.414352 0.089063 0.102778
0 0.211198 0.199537 0.040104 0.041667
0 0.105469 0.855093 0.149479 0.165741
0 0.960938 0.544907 0.077083 0.100926
0 0.404167 0.364815 0.069792 0.077778
0 0.340104 0.252778 0.055208 0.051852
0 0.187760 0.494444 0.078646 0.107407
0 0.664583 0.453241 0.096875 0.078704
0 0.853385 0.664352 0.139063 0.126852
0 0.757552 0.417593 0.086979 0.088889
0 0.813021 0.536111 0.103125 0.105556
