0 0.602083 0.245833 0.068750 0.050926
0 0.416406 0.700926 0.224479 0.240741
0 0.857552 0.828704 0.164062 0.300000
0 0.131510 0.847685 0.259896 0.293519
0 0.614844 0.551852 0.142187 0.166667
0 0.952344 0.446759 0.095312 0.099074
0 0.946094 0.596296 0.107813 0.237037
0 0.744010 0.448611 0.115104 0.132407
0 0.703125 0.289815 0.086458 0.068519
0 0.832292 0.393519 0.068750 0.083333
0 0.771354 0.962500 0.136458 0.069444
0 0.755990 0.253704 0.051562 0.051852
0 0.791667 0.325463 0.103125 0.075000
0 0.718229 0.233796 0.061458 0.052778
0 0.989583 0.295833 0.020833 0.050926
0 0.928750 0.310185 0.043958 0.066667
0 0.946867 0.300111 0.029609 0.038852
0 0.933122 0.273796 0.037359 0.038852
0 0.948982 0.270037 0.045109 0.051370
0 0.975062 0.256255 0.038063 0.038843
0 0.680068 0.224926 0.047229 0.056389
0 0.643414 0.213023 0.052870 0.055139
0 0.606055 0.201111 0.051453 0.041352
0 0.537680 0.219912 0.044411 0.051380
