0 0.746281 0.667294 0.057172 0.061538
0 0.800711 0.620300 0.045422 0.060275
0 0.680527 0.646675 0.071352 0.060150
0 0.708684 0.631644 0.054039 0.057638
0 0.727914 0.615981 0.064297 0.046362
0 0.741187 0.602819 0.057953 0.052638
0 0.755676 0.588344 0.060305 0.053762
0 0.780348 0.575750 0.051695 0.048875
0 0.794094 0.557081 0.057094 0.056388
0 0.813637 0.553194 0.041508 0.043863
0 0.823816 0.541356 0.054039 0.045237
0 0.836352 0.511838 0.049344 0.038850
0 0.853187 0.506894 0.042297 0.043987
0 0.865328 0.499938 0.039938 0.040100
0 0.876293 0.493737 0.036805 0.037725
0 0.881777 0.481206 0.041508 0.032713
0 0.861449 0.969956 0.096414 0.060088
0 0.885297 0.909837 0.104953 0.107775
0 0.917414 0.868487 0.081453 0.080200
0 0.929195 0.827756 0.087797 0.063912
0 0.942477 0.793856 0.081453 0.063787
0 0.950305 0.749313 0.073625 0.060150
0 0.794836 0.902256 0.068141 0.092863
0 0.909188 0.521869 0.035250 0.036337
0 0.918586 0.491856 0.027406 0.031463
0 0.933859 0.414219 0.032891 0.023812
0 0.665609 0.340225 0.041516 0.038975
0 0.662867 0.679825 0.070484 0.061275
0 0.623355 0.689288 0.069633 0.077700
0 0.586543 0.701819 0.071352 0.067663
0 0.558699 0.726875 0.078320 0.070175
0 0.618223 0.761906 0.072055 0.072813
0 0.517191 0.793856 0.079883 0.084087
0 0.438871 0.897931 0.092414 0.101513
0 0.452184 0.792606 0.089289 0.096363
0 0.406367 0.823875 0.088500 0.099000
0 0.355891 0.847119 0.076672 0.105388
0 0.348410 0.972400 0.101039 0.055200
0 0.096605 0.954263 0.084586 0.091350
0 0.522672 0.748181 0.079891 0.067663
