0 0.343891 0.096444 0.034547 0.055139
0 0.806250 0.225694 0.059375 0.062500
0 0.334004 0.023764 0.031680 0.035083
0 0.310770 0.043187 0.027477 0.038847
0 0.459844 0.098951 0.036656 0.040097
0 0.432031 0.155556 0.053125 0.086111
0 0.368750 0.146528 0.042188 0.065278
0 0.487891 0.127778 0.041406 0.050000
0 0.897539 0.914931 0.140859 0.164583
0 0.194531 0.601389 0.120313 0.108333
0 0.192188 0.473611 0.109375 0.113889
0 0.980859 0.847222 0.038281 0.119444
0 0.963281 0.219444 0.042188 0.050000
0 0.466797 0.415278 0.113281 0.108333
0 0.705859 0.263194 0.071094 0.079167
0 0.492188 0.321528 0.103125 0.090278
0 0.320703 0.352083 0.089844 0.093056
0 0.401340 0.122139 0.036648 0.056389
0 0.430590 0.067000 0.040180 0.051389
0 0.908203 0.193750 0.047656 0.054167
0 0.334039 0.059479 0.026047 0.046375
0 0.423191 0.034424 0.045117 0.038847
0 0.380547 0.017521 0.026078 0.035042
