0 0.150781 0.149306 0.051562 0.070833
0 0.696484 0.546528 0.113281 0.112500
0 0.964063 0.808333 0.071875 0.130556
0 0.862500 0.882639 0.146875 0.173611
0 0.596484 0.297917 0.099219 0.081944
0 0.016797 0.722917 0.033594 0.081944
0 0.308984 0.170139 0.058594 0.073611
0 0.057031 0.882639 0.114062 0.109722
0 0.807422 0.649306 0.114844 0.123611
0 0.014844 0.804167 0.029687 0.072222
0 0.825000 0.316667 0.100000 0.063889
0 0.328906 0.288194 0.062500 0.081944
0 0.369922 0.224306 0.066406 0.070833
0 0.260156 0.137014 0.048438 0.062083
0 0.681156 0.021285 0.036750 0.042569
0 0.655062 0.023160 0.035313 0.046319
0 0.624785 0.030035 0.033836 0.052625
0 0.588133 0.030660 0.026781 0.048875
0 0.543371 0.037549 0.034539 0.047625
0 0.099262 0.012507 0.038836 0.025014
0 0.230723 0.024417 0.045180 0.048833
0 0.214863 0.051340 0.037430 0.040097
0 0.219828 0.101458 0.044406 0.057639
0 0.321301 0.092062 0.038836 0.053875
2 0.279043 0.041333 0.064148 0.082667
0 0.351953 0.161806 0.053906 0.054167
0 0.988281 0.281944 0.023438 0.055556
