0 0.790379 0.049535 0.029680 0.048875
0 0.408719 0.219910 0.095156 0.089097
0 0.495734 0.114014 0.070563 0.057778
0 0.961348 0.368465 0.076836 0.115292
0 0.867246 0.046340 0.029602 0.045236
0 0.914473 0.068903 0.023961 0.037722
0 0.378758 0.048222 0.042297 0.046500
0 0.323426 0.078931 0.057102 0.050250
0 0.241270 0.102736 0.050820 0.050250
0 0.288531 0.032556 0.038063 0.040222
0 0.271969 0.023160 0.033125 0.041486
0 0.242012 0.021910 0.035242 0.033958
0 0.215191 0.136569 0.042367 0.060278
1 0.149668 0.208000 0.066258 0.107889
0 0.163734 0.056368 0.033906 0.042736
0 0.151430 0.108375 0.037359 0.046500
0 0.112312 0.131618 0.035250 0.050125
0 0.136242 0.149167 0.039547 0.032583
0 0.078828 0.122160 0.026078 0.046486
0 0.143328 0.029431 0.025375 0.028944
0 0.170816 0.025667 0.028195 0.028944
0 0.902840 0.029424 0.021852 0.033958
0 0.759047 0.068271 0.048641 0.056514
0 0.515824 0.232437 0.079727 0.099125
0 0.410480 0.059500 0.040883 0.049000
0 0.996004 0.485625 0.007992 0.056389
0 0.772441 0.104618 0.047227 0.056514
0 0.816844 0.085194 0.037359 0.052750
