0 0.961198 0.614815 0.038021 0.038889
0 0.343490 0.487037 0.024479 0.050000
0 0.164323 0.706481 0.042188 0.077778
0 0.390625 0.470833 0.026042 0.060185
0 0.461198 0.474537 0.023438 0.056481
0 0.427083 0.638889 0.036458 0.094444
0 0.419964 0.468657 0.023260 0.065167
0 0.987180 0.694222 0.025641 0.040093
0 0.990703 0.737458 0.018594 0.043861
0 0.995990 0.778806 0.008021 0.041352
0 0.115451 0.435449 0.045818 0.051380
0 0.228125 0.466667 0.033333 0.070370
0 0.232552 0.729630 0.042188 0.096296
0 0.325000 0.740741 0.035417 0.090741
0 0.445833 0.746296 0.038542 0.096296
0 0.378906 0.738889 0.038021 0.116667
0 0.346615 0.631944 0.040104 0.089815
0 0.227604 0.625000 0.034375 0.072222
0 0.301823 0.635185 0.036979 0.083333
0 0.473438 0.656019 0.028125 0.086111
0 0.760677 0.508333 0.032813 0.048148
0 0.819010 0.504167 0.034896 0.050926
0 0.790885 0.504167 0.033854 0.049074
0 0.309635 0.483333 0.028646 0.055556
0 0.725000 0.509259 0.036458 0.050000
0 0.260937 0.631019 0.034375 0.082407
0 0.845833 0.496759 0.034375 0.050926
