0 0.233203 0.398611 0.102344 0.097222
0 0.951172 0.793750 0.097656 0.168056
0 0.223047 0.617361 0.121094 0.123611
0 0.428516 0.156250 0.047656 0.068056
0 0.474219 0.112500 0.046875 0.052778
0 0.438281 0.070139 0.040625 0.056944
0 0.900781 0.235417 0.050000 0.056944
0 0.892188 0.880625 0.178125 0.235972
0 0.308203 0.039583 0.025781 0.040278
0 0.955859 0.118056 0.035156 0.047222
0 0.384844 0.025208 0.028750 0.032917
0 0.990027 0.140937 0.019945 0.041347
0 0.527867 0.018778 0.044406 0.037556
0 0.493676 0.010007 0.028195 0.020014
0 0.328699 0.009375 0.026852 0.018750
0 0.370676 0.012507 0.026086 0.025014
0 0.659375 0.373611 0.089063 0.088889
