0 0.564133 0.750583 0.055047 0.035083
0 0.412937 0.824521 0.065625 0.052625
0 0.419277 0.810736 0.076898 0.047611
0 0.436195 0.801333 0.067031 0.046361
0 0.447824 0.791312 0.063508 0.041347
0 0.392176 0.757479 0.052164 0.048875
0 0.593031 0.748708 0.029672 0.031333
0 0.606777 0.737431 0.031789 0.033833
0 0.714664 0.945465 0.119125 0.109069
0 0.143316 0.825771 0.050820 0.075181
0 0.176441 0.823271 0.031086 0.060153
0 0.196535 0.810736 0.075492 0.067667
0 0.234949 0.804465 0.050820 0.050125
0 0.270195 0.785042 0.053641 0.046361
0 0.340719 0.857722 0.100094 0.076444
0 0.385797 0.843319 0.088891 0.067667
