0 0.520060 0.359639 0.011984 0.022556
0 0.570810 0.416657 0.013391 0.026315
0 0.581385 0.446102 0.019031 0.030074
0 0.594070 0.357755 0.011984 0.028824
0 0.573279 0.362144 0.011276 0.020046
0 0.552482 0.361514 0.011984 0.021306
0 0.538031 0.360264 0.012688 0.021306
0 0.526401 0.409134 0.014802 0.023806
0 0.502789 0.359634 0.011276 0.017546
0 0.526401 0.429185 0.014802 0.021296
0 0.512659 0.669787 0.031016 0.076444
0 0.457677 0.578935 0.059208 0.050130
0 0.518995 0.578306 0.022573 0.056389
0 0.483755 0.539458 0.042292 0.038843
0 0.477766 0.501241 0.047229 0.035093
0 0.422784 0.466148 0.021849 0.037593
0 0.527107 0.456750 0.016214 0.033833
0 0.486576 0.738708 0.064849 0.073935
0 0.457674 0.614023 0.052161 0.047620
