0 0.346094 0.587500 0.054688 0.072222
0 0.503594 0.666181 0.066563 0.099583
0 0.445000 0.761458 0.067812 0.090972
0 0.638672 0.487500 0.066406 0.075000
0 0.539531 0.635208 0.069688 0.090694
0 0.470703 0.234028 0.050781 0.062500
0 0.557461 0.589167 0.063828 0.078611
0 0.367480 0.841708 0.059336 0.102583
0 0.834375 0.154167 0.037500 0.047222
0 0.618750 0.528139 0.059688 0.058167
0 0.653906 0.453194 0.059375 0.074167
0 0.474805 0.719444 0.058203 0.082778
0 0.712500 0.038889 0.026562 0.033333
0 0.832812 0.107639 0.028125 0.037500
