0 0.713255 0.236574 0.053594 0.045370
0 0.608594 0.251852 0.080729 0.053704
0 0.702344 0.289352 0.086979 0.069444
0 0.755729 0.960648 0.143750 0.075000
0 0.744010 0.450000 0.115104 0.135185
0 0.857552 0.828241 0.165104 0.299074
0 0.939115 0.299486 0.032427 0.052639
2 0.972245 0.312644 0.032427 0.088972
0 0.979646 0.250611 0.034542 0.037593
0 0.965901 0.258130 0.042292 0.037593
0 0.605352 0.206755 0.050047 0.050120
0 0.643766 0.213023 0.050750 0.055139
0 0.680068 0.224926 0.048635 0.053889
0 0.931714 0.271917 0.035948 0.035093
0 0.758281 0.254167 0.056146 0.052778
0 0.920312 0.321296 0.039583 0.053704
0 0.941581 0.258134 0.034536 0.040102
0 0.939583 0.620370 0.093750 0.190741
0 0.615625 0.559722 0.159375 0.173148
0 0.415885 0.696759 0.224479 0.250926
0 0.147396 0.853704 0.258333 0.281481
0 0.832812 0.391204 0.067708 0.086111
