0 0.487299 0.388407 0.031026 0.032741
0 0.250091 0.496255 0.050026 0.052639
0 0.270893 0.464912 0.057797 0.042583
0 0.478839 0.432282 0.036656 0.042731
0 0.255391 0.424829 0.029604 0.040102
0 0.331516 0.386546 0.028198 0.036463
0 0.349844 0.384662 0.022552 0.027694
0 0.421742 0.402269 0.049339 0.037593
0 0.431589 0.369028 0.026823 0.028981
0 0.444651 0.376519 0.024667 0.028944
0 0.463685 0.382787 0.024672 0.028944
0 0.408703 0.415366 0.052865 0.033954
0 0.309664 0.393495 0.031016 0.032583
0 0.233185 0.436106 0.028901 0.037602
0 0.296271 0.408551 0.036656 0.035065
0 0.358654 0.373468 0.024672 0.027602
0 0.368865 0.365287 0.021125 0.026278
0 0.371336 0.357171 0.031703 0.030102
0 0.315659 0.451079 0.058505 0.037713
0 0.313190 0.424134 0.045109 0.046491
0 0.275125 0.417306 0.028198 0.037593
