0 0.887672 0.124009 0.032427 0.040222
1 0.690299 0.177894 0.070495 0.095361
0 0.088331 0.119625 0.019734 0.026435
0 0.043922 0.195505 0.025375 0.035083
0 0.125339 0.233037 0.035948 0.047741
0 0.246576 0.323259 0.054276 0.070296
0 0.193005 0.473699 0.068375 0.102750
0 0.370990 0.644125 0.115604 0.112787
1 0.926919 0.512546 0.146161 0.162907
1 0.930443 0.629088 0.139115 0.197991
0 0.774188 0.189236 0.046521 0.050120
0 0.778768 0.219282 0.042995 0.055324
0 0.821768 0.198574 0.045818 0.049000
0 0.724492 0.211097 0.050047 0.056509
