0 0.411328 0.478472 0.072656 0.140278
0 0.302734 0.408333 0.107031 0.100000
0 0.229687 0.143056 0.043750 0.069444
0 0.159375 0.916667 0.128125 0.152778
0 0.686719 0.179861 0.053125 0.079167
0 0.656250 0.156250 0.050000 0.062500
0 0.179297 0.163194 0.049219 0.081944
0 0.229687 0.065278 0.039062 0.050000
0 0.281641 0.131250 0.050781 0.062500
0 0.181641 0.018056 0.032031 0.036111
0 0.110547 0.031250 0.027344 0.048611
0 0.149219 0.110625 0.039062 0.073194
0 0.452344 0.011806 0.042188 0.023611
0 0.126762 0.072660 0.030305 0.047736
