0 0.564496 0.248097 0.128992 0.105389
0 0.383695 0.211132 0.093047 0.104125
0 0.127078 0.151604 0.040953 0.057764
0 0.177160 0.126549 0.042289 0.052764
0 0.138746 0.110319 0.034539 0.045111
0 0.080906 0.128424 0.027563 0.041486
0 0.051305 0.108375 0.026156 0.038972
0 0.019582 0.102111 0.017695 0.023944
0 0.017855 0.080243 0.015508 0.020042
0 0.043551 0.052604 0.016289 0.022681
0 0.085176 0.028799 0.014805 0.025181
0 0.100684 0.030681 0.021852 0.021417
1 0.191609 0.023785 0.038766 0.045236
0 0.242012 0.020653 0.035242 0.036472
0 0.273027 0.021326 0.033836 0.042653
0 0.286773 0.029431 0.031719 0.041472
0 0.315672 0.034438 0.052859 0.043986
0 0.341754 0.045715 0.045820 0.043986
0 0.378406 0.048229 0.041594 0.043986
0 0.406602 0.061382 0.041594 0.047736
0 0.443965 0.068278 0.034539 0.051500
0 0.934914 0.122785 0.032422 0.052764
0 0.903547 0.075167 0.024672 0.042722
0 0.803102 0.169778 0.053578 0.064028
0 0.800633 0.100229 0.044406 0.062792
0 0.750586 0.087701 0.048641 0.055264
0 0.789004 0.058312 0.038070 0.046375
0 0.837641 0.075167 0.033828 0.045250
0 0.821781 0.039514 0.033125 0.043861
0 0.862277 0.059500 0.025445 0.041472
0 0.877816 0.043215 0.021148 0.033958
0 0.900023 0.031306 0.020437 0.027694
0 0.872535 0.015056 0.028898 0.030111
