0 0.457625 0.610829 0.055854 0.049602
0 0.448229 0.789648 0.069896 0.064741
0 0.458359 0.498560 0.039698 0.035657
0 0.511492 0.662176 0.028391 0.067000
0 0.482833 0.567319 0.053406 0.046120
0 0.369758 0.528162 0.027953 0.039157
0 0.411365 0.477255 0.022073 0.036546
0 0.419198 0.448532 0.022073 0.034806
0 0.527133 0.439398 0.015714 0.025241
0 0.582471 0.455495 0.016641 0.031324
0 0.572682 0.429824 0.016646 0.026981
0 0.529581 0.398495 0.013755 0.025231
0 0.530560 0.359769 0.011797 0.019148
0 0.514404 0.359338 0.011797 0.020028
0 0.549430 0.360204 0.010276 0.020019
