0 0.507031 0.423611 0.059375 0.061111
2 0.612098 0.395319 0.053570 0.066417
2 0.723121 0.367146 0.030305 0.047653
0 0.583984 0.171944 0.024219 0.025556
0 0.315078 0.484347 0.057031 0.055556
2 0.754297 0.278472 0.030469 0.040278
0 0.551562 0.099306 0.021875 0.023611
0 0.501039 0.043194 0.016297 0.021389
2 0.028906 0.388194 0.048438 0.090278
0 0.590602 0.709861 0.028906 0.091472
0 0.549719 0.700458 0.028906 0.102750
0 0.442969 0.445833 0.051562 0.050000
0 0.610000 0.166458 0.023438 0.027917
0 0.550391 0.287500 0.038281 0.038889
0 0.573297 0.124021 0.021219 0.025069
0 0.062500 0.574306 0.051562 0.056944
0 0.141797 0.544444 0.053906 0.058333
0 0.534563 0.806979 0.057797 0.070181
