0 0.726699 0.616538 0.066570 0.040225
0 0.538672 0.750000 0.085156 0.085000
0 0.889453 0.905000 0.105469 0.097500
0 0.563281 0.719375 0.089063 0.071250
0 0.737891 0.751250 0.077344 0.092500
0 0.489844 0.776875 0.082812 0.088750
0 0.631641 0.681875 0.066406 0.071250
0 0.596875 0.695000 0.084375 0.082500
0 0.739453 0.663750 0.063281 0.075000
0 0.448437 0.800000 0.092188 0.087500
0 0.662891 0.668750 0.078906 0.070000
0 0.361719 0.853750 0.079687 0.112500
0 0.917578 0.856875 0.099219 0.088750
0 0.930469 0.821250 0.085938 0.077500
0 0.797266 0.616875 0.052344 0.056250
0 0.397656 0.816250 0.096875 0.127500
0 0.677734 0.641250 0.072656 0.070000
0 0.832812 0.970000 0.120313 0.060000
0 0.011719 0.752500 0.023438 0.072500
0 0.660523 0.668137 0.072656 0.066250
0 0.950738 0.792606 0.077617 0.074063
0 0.955398 0.754950 0.082234 0.066425
0 0.709078 0.637781 0.048563 0.052637
0 0.737664 0.600187 0.061875 0.052625
0 0.876293 0.547619 0.035242 0.037713
0 0.755289 0.585844 0.062656 0.054012
0 0.770168 0.565100 0.061086 0.047625
0 0.785828 0.553881 0.056391 0.055262
0 0.804234 0.545737 0.044641 0.041475
0 0.825383 0.540100 0.047781 0.042725
0 0.833605 0.531262 0.046992 0.040100
0 0.845746 0.520050 0.050914 0.042725
0 0.858668 0.501188 0.046992 0.042600
0 0.871203 0.493675 0.042297 0.040100
0 0.889996 0.478006 0.040727 0.031337
0 0.862211 0.400375 0.032141 0.021425
0 0.804629 0.383456 0.032898 0.022687
