0 0.573276 0.358375 0.012687 0.025083
0 0.433005 0.482444 0.018323 0.030074
0 0.412211 0.470537 0.020443 0.021296
0 0.486570 0.498106 0.042307 0.031324
0 0.578565 0.517528 0.020443 0.037593
0 0.582089 0.455500 0.017625 0.031333
0 0.572924 0.429185 0.017620 0.028815
0 0.527109 0.486829 0.019031 0.036343
0 0.530279 0.461764 0.018328 0.031324
0 0.527107 0.438583 0.016214 0.027574
0 0.525346 0.394722 0.015505 0.030074
0 0.530281 0.360264 0.012687 0.021306
0 0.549310 0.359009 0.009870 0.021296
0 0.509484 0.376556 0.023260 0.026315
