0 0.738573 0.238060 0.062740 0.060194
0 0.416146 0.687500 0.210417 0.230556
0 0.625260 0.550463 0.148438 0.156481
0 0.730990 0.462963 0.097396 0.127778
0 0.132552 0.861111 0.245312 0.244444
0 0.957031 0.576852 0.083854 0.172222
0 0.890104 0.723611 0.120833 0.247222
0 0.920573 0.314352 0.042188 0.062037
0 0.703646 0.285648 0.087500 0.062037
0 0.601826 0.201111 0.041589 0.041352
0 0.629315 0.213648 0.034536 0.041352
0 0.662094 0.223046 0.045115 0.050130
0 0.687469 0.242468 0.036656 0.038843
0 0.945107 0.300736 0.028901 0.047620
0 0.940523 0.272542 0.049339 0.038843
0 0.952505 0.268157 0.038062 0.040093
0 0.961672 0.257509 0.042292 0.041352
0 0.981760 0.251241 0.031719 0.033833
0 0.807292 0.400000 0.083333 0.112963
0 0.753385 0.874074 0.208854 0.244444
0 0.807031 0.325463 0.094271 0.076852
0 0.609932 0.252491 0.067667 0.056389
