0 0.466164 0.124667 0.031016 0.028944
0 0.193359 0.573611 0.107031 0.166667
0 0.073156 0.196722 0.059984 0.070306
0 0.442969 0.159028 0.054688 0.048611
0 0.558203 0.145833 0.025781 0.052778
0 0.425391 0.172222 0.053906 0.044444
0 0.113281 0.708333 0.120313 0.130556
0 0.506695 0.076424 0.041594 0.032708
0 0.498590 0.082062 0.045117 0.031458
0 0.491859 0.091458 0.040250 0.025194
0 0.488687 0.102104 0.033906 0.021431
0 0.475293 0.110257 0.049414 0.032708
0 0.468281 0.119028 0.043703 0.030194
0 0.449918 0.129674 0.050820 0.031458
