0 0.780292 0.172171 0.036573 0.044306
0 0.540365 0.374537 0.088021 0.062037
2 0.536458 0.305093 0.132292 0.123148
0 0.224219 0.504630 0.080729 0.109259
0 0.390104 0.353704 0.067708 0.070370
0 0.560417 0.436574 0.097917 0.087963
0 0.403385 0.687500 0.127604 0.121296
0 0.709896 0.469444 0.100000 0.074074
2 0.116424 0.155481 0.028943 0.039778
0 0.149307 0.175366 0.029365 0.033139
0 0.151174 0.248282 0.035891 0.053028
0 0.271659 0.193597 0.041016 0.046398
0 0.309878 0.210583 0.046609 0.042259
0 0.381424 0.149269 0.034026 0.035630
0 0.830932 0.150880 0.035635 0.031648
0 0.354135 0.230472 0.048521 0.048889
1 0.246721 0.312917 0.055464 0.096111
0 0.917628 0.081056 0.024599 0.027685
0 0.988190 0.072713 0.019422 0.028259
0 0.968284 0.085662 0.019745 0.027676
0 0.952424 0.096019 0.024276 0.029981
0 0.928148 0.101194 0.027516 0.035741
0 0.896573 0.120792 0.032396 0.035676
0 0.900961 0.143778 0.032693 0.044944
0 0.865742 0.133796 0.033339 0.037056
0 0.689583 0.193056 0.050000 0.052778
0 0.328906 0.670370 0.104688 0.124074
0 0.109635 0.285185 0.038021 0.057407
0 0.770833 0.221759 0.051042 0.060185
1 0.191953 0.183472 0.045365 0.057130
0 0.881771 0.165278 0.036458 0.039815
2 0.255208 0.399120 0.045833 0.099907
2 0.191667 0.272222 0.053125 0.092593
0 0.111979 0.217593 0.034375 0.048148
0 0.742969 0.187963 0.048438 0.055556
0 0.305990 0.242593 0.053646 0.053704
0 0.241667 0.215741 0.043750 0.046296
0 0.410677 0.158796 0.060937 0.039815
0 0.817352 0.198065 0.042724 0.047759
0 0.826885 0.170736 0.041135 0.043731
1 0.040453 0.176606 0.037333 0.060491
0 0.205914 0.162523 0.028943 0.032324
0 0.290068 0.123579 0.033094 0.033972
0 0.220622 0.123162 0.035891 0.038120
0 0.183078 0.086708 0.028010 0.028176
0 0.162591 0.085051 0.022370 0.024861
0 0.207339 0.070551 0.023302 0.027343
0 0.099437 0.145954 0.021906 0.032315
0 0.071703 0.133519 0.022375 0.029000
0 0.102466 0.121505 0.024234 0.021546
0 0.124115 0.130620 0.026615 0.029833
