0 0.806242 0.570787 0.040182 0.053889
0 0.699805 0.708634 0.079651 0.104009
0 0.197573 0.535699 0.028198 0.051380
0 0.175721 0.598356 0.033839 0.071435
0 0.140477 0.705500 0.060620 0.112778
0 0.033583 0.927940 0.067167 0.144120
0 0.417495 0.986208 0.100094 0.027583
2 0.195104 0.474296 0.044406 0.099000
0 0.321633 0.434208 0.029609 0.023787
0 0.242333 0.447981 0.014802 0.026315
0 0.234930 0.464273 0.018328 0.031324
0 0.227883 0.496852 0.023964 0.046370
0 0.892943 0.432954 0.010573 0.021315
0 0.812234 0.447352 0.025375 0.030074
