0 0.378906 0.240278 0.067187 0.094444
0 0.956641 0.795833 0.086719 0.150000
0 0.330859 0.242361 0.064844 0.093056
0 0.735547 0.019444 0.061719 0.038889
0 0.303125 0.172222 0.060937 0.072222
0 0.655078 0.019444 0.039844 0.036111
0 0.288281 0.261806 0.064062 0.087500
0 0.239453 0.158333 0.052344 0.063889
0 0.292578 0.111806 0.053906 0.056944
2 0.176953 0.127778 0.060156 0.113889
0 0.009375 0.809722 0.018750 0.086111
0 0.240234 0.206944 0.039844 0.066667
0 0.255754 0.051986 0.045820 0.051500
0 0.227914 0.035063 0.038062 0.042736
0 0.122848 0.092083 0.050820 0.071556
0 0.142937 0.062014 0.041656 0.051500
0 0.111922 0.019444 0.040250 0.038889
0 0.156367 0.013806 0.037359 0.027611
0 0.144000 0.037576 0.040953 0.042736
