0 0.051302 0.931019 0.102604 0.132407
0 0.294010 0.812500 0.258854 0.291667
0 0.810417 0.849537 0.180208 0.295370
0 0.683594 0.495370 0.128646 0.142593
0 0.550521 0.596296 0.161458 0.187037
0 0.950000 0.607870 0.091667 0.163889
0 0.854427 0.371296 0.068229 0.098148
0 0.972948 0.253120 0.038062 0.032574
0 0.944401 0.270662 0.047229 0.042602
0 0.939466 0.302620 0.040182 0.063907
0 0.983872 0.343972 0.028901 0.046370
0 0.525695 0.176051 0.020443 0.038843
0 0.559180 0.236199 0.069078 0.051380
0 0.600417 0.204870 0.038771 0.041352
0 0.635677 0.213889 0.053646 0.046296
0 0.978646 0.381019 0.042708 0.067593
0 0.985768 0.242468 0.028464 0.028824
0 0.720573 0.284259 0.086979 0.081481
0 0.912760 0.325463 0.042188 0.060185
