0 0.156336 0.409759 0.021849 0.027574
0 0.007552 0.633333 0.015104 0.029630
0 0.847917 0.578704 0.021875 0.042593
0 0.252344 0.458333 0.027604 0.031481
0 0.891146 0.592593 0.020833 0.042593
0 0.922396 0.598148 0.021875 0.051852
0 0.202604 0.435648 0.021875 0.032407
0 0.192448 0.391204 0.021354 0.021296
0 0.013143 0.603370 0.026286 0.028815
0 0.053125 0.815278 0.033333 0.063889
0 0.123438 0.934722 0.044792 0.080556
0 0.086458 0.876389 0.042708 0.073148
0 0.787240 0.554630 0.024479 0.042593
0 0.025521 0.756481 0.036458 0.074074
0 0.728125 0.532870 0.031250 0.041667
0 0.758333 0.546759 0.027083 0.039815
0 0.947396 0.618981 0.020833 0.047222
