0 0.121615 0.229630 0.040104 0.055556
0 0.580208 0.483333 0.093750 0.107407
0 0.130208 0.535648 0.102083 0.110185
0 0.883073 0.273148 0.049479 0.057407
0 0.267448 0.408796 0.043229 0.086111
0 0.242708 0.321296 0.050000 0.070370
0 0.246354 0.272685 0.044792 0.056481
0 0.942187 0.230093 0.035417 0.043519
0 0.835156 0.153704 0.034896 0.042593
0 0.311198 0.212037 0.047396 0.048148
0 0.873437 0.131944 0.032292 0.045370
1 0.471875 0.379167 0.089583 0.130556
0 0.111198 0.637963 0.123438 0.124074
0 0.179688 0.224074 0.039583 0.048148
0 0.718229 0.181944 0.046875 0.049074
0 0.738542 0.204167 0.048958 0.052778
0 0.789844 0.213889 0.043229 0.055556
0 0.237500 0.176389 0.038542 0.047222
0 0.800000 0.169907 0.045833 0.049074
0 0.084375 0.207407 0.030208 0.042593
0 0.176302 0.269907 0.044271 0.065741
0 0.930469 0.131481 0.029687 0.035185
0 0.933951 0.101454 0.022526 0.029000
1 0.897633 0.086954 0.040005 0.055241
0 0.388695 0.148310 0.051661 0.040120
0 0.350242 0.138296 0.038453 0.033907
0 0.314896 0.127245 0.046219 0.032528
0 0.286349 0.123102 0.033406 0.031148
0 0.206529 0.069588 0.023693 0.026306
0 0.135451 0.200440 0.031464 0.040806
0 0.045339 0.179380 0.028354 0.040111
2 0.063206 0.151435 0.031464 0.044907
0 0.099143 0.123102 0.023286 0.029759
