0 0.118750 0.762500 0.135937 0.127778
0 0.668750 0.658333 0.118750 0.097222
0 0.182031 0.860417 0.150000 0.159722
0 0.466016 0.512500 0.117969 0.122222
0 0.028516 0.684722 0.057031 0.113889
0 0.894531 0.831250 0.106250 0.165278
0 0.900781 0.312500 0.050000 0.058333
0 0.826953 0.363889 0.057031 0.066667
0 0.466797 0.120139 0.049219 0.068056
0 0.910937 0.377778 0.064062 0.072222
0 0.511328 0.181250 0.058594 0.076389
0 0.958984 0.350000 0.041406 0.061111
0 0.431641 0.075000 0.042969 0.052778
0 0.434766 0.206944 0.047656 0.058333
0 0.981641 0.280556 0.036719 0.077778
0 0.303344 0.064951 0.045891 0.049403
0 0.290023 0.045562 0.045891 0.048903
