0 0.702865 0.290278 0.085938 0.067593
0 0.770833 0.962963 0.135417 0.070370
0 0.613021 0.561111 0.163542 0.175926
0 0.980482 0.248736 0.039036 0.036343
0 0.977180 0.261889 0.031016 0.037593
0 0.963432 0.266278 0.034542 0.048870
0 0.947924 0.268157 0.044411 0.057648
0 0.932771 0.271917 0.036656 0.035093
0 0.944047 0.303875 0.033833 0.043861
0 0.681125 0.224296 0.049344 0.052630
0 0.604646 0.205500 0.051458 0.050130
0 0.609583 0.251852 0.080625 0.055556
0 0.973958 0.332870 0.031250 0.054630
0 0.926875 0.315741 0.040208 0.057407
0 0.793906 0.324542 0.097271 0.075194
0 0.757958 0.253745 0.054979 0.053880
0 0.713198 0.237458 0.052865 0.051380
0 0.643768 0.214273 0.052161 0.055139
0 0.416146 0.700926 0.225000 0.240741
0 0.857552 0.828241 0.164062 0.299074
0 0.146615 0.853704 0.258854 0.283333
0 0.946354 0.596296 0.107292 0.237037
0 0.743750 0.450463 0.115625 0.134259
0 0.903125 0.335185 0.046875 0.061111
0 0.833073 0.392593 0.068229 0.085185
