0 0.114801 0.134667 0.021852 0.036333
0 0.164461 0.183542 0.029672 0.048861
1 0.224023 0.132160 0.054344 0.071431
0 0.204289 0.177903 0.033203 0.045111
0 0.265297 0.195444 0.029609 0.047611
0 0.234984 0.274396 0.060625 0.065153
0 0.692812 0.167875 0.037359 0.035083
0 0.635711 0.172889 0.050047 0.045111
0 0.570512 0.182917 0.053570 0.042611
0 0.582848 0.669785 0.140273 0.204319
0 0.960422 0.748708 0.079156 0.109028
0 0.938922 0.864618 0.122156 0.172931
0 0.104582 0.119632 0.021148 0.041347
0 0.148285 0.169757 0.019742 0.041347
