0 0.310371 0.051333 0.024039 0.035083
0 0.372438 0.014368 0.025375 0.026319
0 0.298074 0.031285 0.020445 0.037597
0 0.965215 0.119007 0.031086 0.037597
0 0.991789 0.113993 0.016422 0.035097
2 0.951953 0.200694 0.075781 0.109722
0 0.488281 0.117361 0.045312 0.073611
0 0.389711 0.327028 0.086703 0.087722
0 0.450648 0.087049 0.039547 0.048875
0 0.932473 0.125271 0.028898 0.037597
0 0.952176 0.138431 0.043070 0.031333
0 0.422484 0.064493 0.032422 0.041347
0 0.389004 0.025021 0.030305 0.035097
0 0.423508 0.018750 0.028969 0.032583
0 0.527516 0.021889 0.049344 0.033833
0 0.339977 0.074514 0.028266 0.043861
0 0.569141 0.375694 0.107031 0.104167
0 0.129297 0.500000 0.103906 0.102778
0 0.594141 0.253472 0.078906 0.073611
0 0.885156 0.767361 0.128125 0.193056
0 0.285156 0.512500 0.117188 0.111111
0 0.030469 0.478472 0.060937 0.084722
0 0.899961 0.926458 0.118828 0.141528
0 0.841797 0.179861 0.052344 0.051389
0 0.422344 0.363472 0.110000 0.120278
0 0.369141 0.153472 0.041406 0.070833
