0 0.816770 0.536969 0.052477 0.043987
0 0.839480 0.513763 0.049336 0.045275
0 0.848879 0.503763 0.041508 0.040225
0 0.861801 0.498119 0.040727 0.036462
0 0.870812 0.493044 0.044641 0.041363
0 0.885691 0.485588 0.039945 0.036475
0 0.884113 0.395388 0.032086 0.023975
0 0.829691 0.386525 0.029758 0.028825
0 0.740016 0.365913 0.030547 0.022675
2 0.823461 0.821362 0.075266 0.119050
0 0.848918 0.963063 0.119758 0.073875
0 0.870457 0.931081 0.108164 0.085087
0 0.902137 0.880325 0.097898 0.098875
0 0.920918 0.842044 0.090039 0.095238
0 0.941691 0.793925 0.084586 0.078950
0 0.960664 0.758212 0.078672 0.070175
0 0.737664 0.597056 0.058734 0.053888
0 0.755285 0.582644 0.053258 0.052638
0 0.776043 0.575125 0.058742 0.050125
0 0.833215 0.587094 0.039945 0.046487
0 0.868461 0.551381 0.033672 0.045237
0 0.787789 0.557019 0.055609 0.061538
0 0.835957 0.531262 0.040727 0.040100
0 0.011887 0.731769 0.023773 0.085212
0 0.493301 0.774437 0.083805 0.092850
0 0.528551 0.748125 0.077539 0.090350
0 0.351543 0.965569 0.102602 0.068863
0 0.349234 0.861469 0.088578 0.096487
0 0.407543 0.830137 0.089289 0.096500
0 0.445137 0.795737 0.078320 0.087850
0 0.546953 0.709275 0.081453 0.080325
0 0.600215 0.709275 0.078320 0.080325
0 0.628797 0.685462 0.069703 0.087850
0 0.671090 0.677944 0.066570 0.062788
0 0.698113 0.657831 0.070492 0.065163
0 0.707941 0.632831 0.068211 0.055262
0 0.725918 0.619675 0.052477 0.049000
