0 0.562004 0.164632 0.041977 0.033958
0 0.522863 0.118847 0.042711 0.036972
0 0.542250 0.108861 0.035406 0.028306
0 0.558359 0.092847 0.036906 0.029028
0 0.495609 0.109687 0.029406 0.022653
0 0.414242 0.118972 0.030906 0.027306
0 0.566719 0.048458 0.032813 0.025167
0 0.520129 0.052375 0.022805 0.022222
0 0.434000 0.108319 0.032219 0.024639
0 0.790691 0.029215 0.031352 0.019431
0 0.803613 0.020306 0.028867 0.028000
0 0.398004 0.211319 0.043992 0.038889
0 0.333672 0.181944 0.031406 0.030556
0 0.369750 0.157417 0.031000 0.028167
0 0.382812 0.142674 0.034359 0.027958
0 0.399508 0.131542 0.031328 0.024472
0 0.465621 0.084201 0.027320 0.021986
0 0.484031 0.071826 0.024328 0.020847
0 0.493461 0.059806 0.031484 0.027306
0 0.174938 0.334090 0.030344 0.045958
0 0.185836 0.384042 0.033719 0.052361
0 0.158414 0.366854 0.024719 0.041958
0 0.200672 0.348278 0.030125 0.040750
0 0.268105 0.314708 0.036414 0.045556
2 0.238324 0.344681 0.052820 0.087111
0 0.146699 0.296104 0.021914 0.034958
0 0.172738 0.275458 0.020414 0.030306
0 0.102027 0.278951 0.013867 0.021986
0 0.116359 0.256306 0.017422 0.028639
0 0.079926 0.308090 0.013117 0.025653
0 0.597176 0.117361 0.032148 0.034806
0 0.619316 0.095528 0.030570 0.031333
0 0.477414 0.197674 0.048547 0.038042
0 0.516578 0.184722 0.045312 0.036306
0 0.420242 0.167403 0.034797 0.035000
0 0.570121 0.086292 0.027852 0.021500
0 0.191449 0.931181 0.050070 0.137639
0 0.250113 0.853660 0.050805 0.167458
0 0.787352 0.038687 0.024234 0.024542
0 0.445633 0.093826 0.032797 0.025681
0 0.575477 0.150000 0.044828 0.033611
0 0.504586 0.137160 0.041047 0.034292
0 0.576375 0.075382 0.030094 0.023958
0 0.445973 0.153972 0.035023 0.028639
0 0.462547 0.139653 0.031469 0.025972
0 0.774387 0.043729 0.036430 0.026847
0 0.749180 0.053083 0.027516 0.036917
0 0.651258 0.202521 0.042938 0.061569
0 0.637320 0.183938 0.039781 0.047597
0 0.136113 0.953653 0.032664 0.077333
1 0.895836 0.525764 0.167328 0.205500
0 0.224473 0.412458 0.041586 0.052750
