0 0.573276 0.428560 0.016917 0.027565
0 0.527458 0.411014 0.016917 0.025065
0 0.572924 0.358384 0.011984 0.025065
0 0.430729 0.890278 0.086458 0.080556
0 0.530281 0.360264 0.012687 0.021306
0 0.515122 0.357759 0.011984 0.018796
0 0.511589 0.375926 0.019010 0.025056
0 0.549310 0.359009 0.009870 0.021296
0 0.455729 0.610185 0.057292 0.048148
0 0.451823 0.662037 0.063021 0.062963
0 0.511198 0.660648 0.028646 0.065741
0 0.486198 0.497685 0.043229 0.034259
0 0.517188 0.602315 0.025000 0.054630
0 0.579167 0.516667 0.022917 0.038889
0 0.452388 0.586454 0.058505 0.035093
0 0.482346 0.568282 0.053568 0.043861
0 0.552130 0.536954 0.022552 0.043852
0 0.530633 0.466778 0.017620 0.038852
0 0.433711 0.484324 0.018328 0.033833
0 0.411857 0.476176 0.022557 0.035093
0 0.375203 0.491843 0.038062 0.031333
0 0.581734 0.454245 0.016917 0.028824
0 0.526404 0.439208 0.016214 0.028824
