0 0.673746 0.026569 0.036227 0.041861
0 0.605703 0.092708 0.040141 0.040111
0 0.522242 0.023528 0.038672 0.034028
0 0.540844 0.039188 0.033781 0.034014
0 0.511000 0.013160 0.046094 0.026319
0 0.562871 0.053542 0.046508 0.041861
0 0.521020 0.349035 0.063633 0.086153
0 0.717555 0.193653 0.043562 0.047083
0 0.584410 0.073563 0.034758 0.045347
0 0.860488 0.238951 0.048461 0.069625
0 0.792203 0.129694 0.040141 0.042722
0 0.766508 0.106194 0.032797 0.042722
0 0.741051 0.083132 0.033773 0.040125
0 0.718535 0.059639 0.037695 0.045333
0 0.693324 0.040924 0.039164 0.040986
0 0.635074 0.114458 0.042102 0.047083
