0 0.452344 0.804630 0.079687 0.081481
0 0.700260 0.967130 0.070312 0.063889
0 0.456250 0.580556 0.061458 0.051852
0 0.515625 0.608333 0.028125 0.074074
0 0.499740 0.687500 0.035937 0.087963
0 0.568750 0.411111 0.020833 0.033333
0 0.453385 0.651389 0.063021 0.065741
0 0.573641 0.363583 0.010573 0.020889
0 0.594201 0.357838 0.011745 0.028194
0 0.503740 0.360449 0.010573 0.020880
0 0.555138 0.361495 0.011161 0.020880
0 0.687823 0.840838 0.081063 0.085213
0 0.524641 0.485579 0.021146 0.036343
0 0.535448 0.356278 0.015250 0.031333
0 0.519013 0.359407 0.011745 0.018796
0 0.524589 0.412667 0.014677 0.027148
0 0.525698 0.453398 0.017625 0.025500
0 0.581031 0.464273 0.016917 0.031324
0 0.580326 0.501236 0.018328 0.040102
0 0.436529 0.479935 0.018328 0.030074
0 0.470716 0.501866 0.042995 0.036343
