0 0.055891 0.570162 0.023969 0.030083
0 0.089724 0.610889 0.029604 0.041352
0 0.066464 0.630310 0.028198 0.047620
1 0.505255 0.699861 0.117719 0.126574
0 0.454505 0.795102 0.131813 0.121556
0 0.122148 0.639713 0.035245 0.053889
0 0.093948 0.661644 0.035229 0.055139
0 0.134484 0.715523 0.052865 0.077694
0 0.155279 0.671037 0.046526 0.061407
0 0.201799 0.713019 0.056391 0.065167
0 0.192638 0.781944 0.076130 0.090222
0 0.345951 0.934824 0.130401 0.130333
0 0.075979 0.587708 0.027490 0.032583
1 0.929026 0.927940 0.141948 0.144120
0 0.037211 0.575801 0.020443 0.033843
