0 0.386250 0.020833 0.026562 0.041667
1 0.791406 0.179167 0.075000 0.094444
0 0.460547 0.093750 0.036719 0.054167
0 0.307812 0.040278 0.026562 0.038889
0 0.939844 0.184722 0.043750 0.050000
0 0.980859 0.171528 0.033594 0.048611
0 0.433984 0.067361 0.035156 0.051389
0 0.020313 0.609722 0.040625 0.066667
0 0.967578 0.223611 0.042969 0.050000
0 0.895312 0.199306 0.050000 0.062500
0 0.037891 0.688889 0.075781 0.108333
0 0.187500 0.617361 0.118750 0.129167
0 0.829688 0.219444 0.056250 0.061111
0 0.178125 0.537500 0.115625 0.105556
2 0.897543 0.131535 0.076195 0.080208
0 0.854934 0.178528 0.055680 0.051389
0 0.364687 0.011257 0.025375 0.022514
0 0.330496 0.004993 0.020445 0.009986
0 0.283234 0.010007 0.020516 0.020014
0 0.525977 0.023194 0.051953 0.040833
