0 0.623027 0.199208 0.017617 0.020056
0 0.663555 0.333292 0.038063 0.022556
0 0.542188 0.702083 0.064062 0.068056
0 0.047266 0.885417 0.050781 0.070833
0 0.319922 0.516667 0.047656 0.055556
0 0.158594 0.750694 0.048438 0.062500
0 0.639844 0.547917 0.057813 0.054167
2 0.128516 0.904861 0.067969 0.126389
1 0.538672 0.245833 0.060156 0.044444
0 0.500000 0.444236 0.043750 0.038472
0 0.658203 0.522917 0.050781 0.054167
0 0.780586 0.674722 0.051797 0.053889
0 0.804688 0.604028 0.057813 0.055278
0 0.445703 0.413889 0.032031 0.044444
0 0.787617 0.642188 0.053578 0.046375
2 0.434785 0.508104 0.057164 0.063903
0 0.404863 0.462993 0.035242 0.036347
0 0.490508 0.367125 0.027484 0.037583
0 0.525715 0.407222 0.038836 0.035083
0 0.545453 0.384667 0.038844 0.032583
0 0.556730 0.367757 0.028977 0.026319
0 0.563781 0.356479 0.034609 0.026319
2 0.584223 0.335792 0.044477 0.045111
0 0.478523 0.351465 0.030312 0.038847
0 0.492973 0.285049 0.014102 0.036347
0 0.663910 0.352104 0.038773 0.030042
0 0.669516 0.506819 0.054344 0.043917
0 0.680086 0.484924 0.047297 0.040097
0 0.689953 0.461736 0.045891 0.033833
0 0.700879 0.438556 0.045180 0.042611
0 0.708988 0.420382 0.041664 0.031319
0 0.725906 0.406597 0.041656 0.041361
0 0.731898 0.392188 0.040953 0.030069
0 0.732250 0.369632 0.041656 0.027569
0 0.812992 0.572014 0.050750 0.043861
0 0.821063 0.545694 0.045891 0.046361
0 0.828148 0.520007 0.048641 0.040097
0 0.834457 0.498076 0.045883 0.038847
0 0.847180 0.481785 0.043000 0.036347
0 0.852078 0.457979 0.041656 0.028819
0 0.854934 0.439153 0.035945 0.023861
0 0.859516 0.419757 0.039469 0.032569
0 0.787934 0.335799 0.019102 0.030069
0 0.686078 0.312618 0.022625 0.036347
0 0.744266 0.325778 0.019031 0.032583
0 0.765414 0.332035 0.017625 0.030069
0 0.756570 0.293194 0.033906 0.035083
0 0.926480 0.316368 0.033836 0.028819
0 0.631133 0.228028 0.014094 0.022556
