0 0.166586 0.233125 0.025375 0.042611
0 0.039707 0.283813 0.026789 0.043986
0 0.234965 0.226861 0.033836 0.042611
0 0.196547 0.246847 0.035953 0.057778
0 0.201445 0.209250 0.031797 0.040222
0 0.987898 0.743771 0.024203 0.116542
0 0.976973 0.506931 0.046055 0.076444
0 0.981555 0.443653 0.036891 0.055139
0 0.981203 0.389139 0.037594 0.051389
0 0.953949 0.196153 0.026789 0.053889
1 0.314613 0.708062 0.210055 0.250625
0 0.094652 0.780743 0.094523 0.132819
0 0.068258 0.370278 0.037359 0.061528
0 0.128875 0.202361 0.019031 0.028944
0 0.173637 0.195528 0.025383 0.032583
0 0.055918 0.290708 0.046523 0.075306
0 0.058738 0.308250 0.033836 0.052750
0 0.066492 0.310750 0.031016 0.050250
0 0.156332 0.134694 0.019102 0.026444
