0 0.629297 0.456250 0.094531 0.115278
0 0.742383 0.571389 0.095703 0.109444
0 0.747086 0.066375 0.023266 0.037583
0 0.739648 0.007500 0.022625 0.015000
0 0.986500 0.750583 0.027000 0.092722
0 0.935645 0.656604 0.077539 0.092736
0 0.879605 0.677903 0.107852 0.140361
0 0.739062 0.090972 0.032813 0.056944
0 0.718359 0.144444 0.035156 0.063889
0 0.690234 0.213194 0.039844 0.065278
0 0.661328 0.286806 0.044531 0.087500
0 0.676953 0.151389 0.036719 0.058333
0 0.700781 0.049306 0.028125 0.040278
0 0.642969 0.113194 0.040625 0.059722
0 0.390625 0.627778 0.082812 0.138889
