0 0.159167 0.459884 0.027500 0.047620
0 0.115451 0.434181 0.045818 0.053917
0 0.390359 0.471167 0.023260 0.060148
1 0.452391 0.761894 0.035948 0.122806
1 0.400227 0.761264 0.037359 0.134083
0 0.350534 0.735579 0.039474 0.100250
0 0.337844 0.641593 0.028198 0.075185
1 0.412562 0.627806 0.036656 0.132833
0 0.452036 0.642843 0.031010 0.095241
0 0.504206 0.637204 0.026797 0.086463
0 0.305771 0.746852 0.040177 0.087722
0 0.271940 0.723671 0.041589 0.091472
0 0.184885 0.711764 0.046521 0.092731
0 0.230703 0.717403 0.042292 0.073935
0 0.253964 0.627810 0.040885 0.085213
1 0.302953 0.622792 0.043000 0.112787
0 0.082323 0.586454 0.047229 0.052630
0 0.031221 0.572685 0.043703 0.052593
1 0.300133 0.461139 0.083880 0.067667
0 0.224711 0.466153 0.050047 0.045120
0 0.774875 0.504370 0.029604 0.048870
0 0.743862 0.499356 0.035245 0.051380
0 0.422430 0.476176 0.022557 0.052630
0 0.453445 0.473046 0.023964 0.063907
0 0.486224 0.473046 0.020438 0.056389
0 0.577154 0.487458 0.055682 0.047620
0 0.990703 0.734324 0.018594 0.045111
0 0.985417 0.687958 0.029167 0.055139
0 0.904927 0.488708 0.040177 0.052639
0 0.887305 0.495597 0.033130 0.043861
0 0.862635 0.496227 0.035948 0.050120
0 0.835495 0.498731 0.032427 0.052630
0 0.805893 0.498106 0.033839 0.051380
