0 0.146852 0.220590 0.023969 0.040097
0 0.164441 0.197347 0.025445 0.033972
1 0.232496 0.097722 0.040180 0.047750
0 0.120418 0.274417 0.021852 0.057778
0 0.064734 0.313264 0.031719 0.047750
0 0.055215 0.292590 0.046523 0.076569
0 0.056977 0.312639 0.030312 0.051500
0 0.008574 0.489389 0.017148 0.056389
0 0.044992 0.243153 0.024672 0.022556
0 0.041824 0.271347 0.033836 0.043861
0 0.039707 0.287569 0.026789 0.041472
0 0.148594 0.910694 0.115937 0.143056
0 0.225781 0.224375 0.034375 0.043472
0 0.061289 0.385208 0.047734 0.077361
0 0.952539 0.196785 0.026781 0.057653
0 0.987781 0.217458 0.023969 0.046361
0 0.833059 0.085194 0.054273 0.057778
0 0.581063 0.074535 0.042297 0.056514
0 0.949609 0.495833 0.088281 0.102778
0 0.105078 0.800000 0.100781 0.136111
0 0.321875 0.400000 0.057813 0.086111
0 0.444531 0.716667 0.148438 0.125000
0 0.494141 0.563194 0.116406 0.104167
0 0.208984 0.571528 0.094531 0.126389
0 0.308594 0.171528 0.040625 0.040278
0 0.869141 0.602083 0.111719 0.129167
0 0.340625 0.300000 0.040625 0.069444
0 0.196836 0.241944 0.037578 0.056111
