0 0.057552 0.817130 0.041146 0.063889
0 0.088802 0.879167 0.043229 0.073148
0 0.878846 0.592093 0.016214 0.043852
0 0.849240 0.578935 0.021854 0.050130
0 0.122917 0.937963 0.044792 0.081481
0 0.025781 0.758796 0.039062 0.071296
0 0.757812 0.552778 0.030208 0.044444
0 0.019531 0.642778 0.038021 0.047778
0 0.792344 0.559120 0.026042 0.051574
0 0.725180 0.539458 0.028901 0.038843
0 0.015609 0.625301 0.031219 0.042602
0 0.881312 0.758759 0.049344 0.056389
0 0.979073 0.796352 0.041854 0.061407
0 0.965193 0.614019 0.016917 0.052630
0 0.986122 0.666653 0.027755 0.040102
0 0.935237 0.605875 0.017620 0.043861
0 0.909156 0.597731 0.021854 0.052630
