0 0.639156 0.210625 0.045031 0.043435
0 0.842969 0.794907 0.164062 0.302778
0 0.556250 0.575926 0.194792 0.246296
0 0.694271 0.495833 0.109375 0.145370
0 0.951302 0.613889 0.090104 0.175926
0 0.782292 0.428241 0.100000 0.119444
0 0.063021 0.887037 0.126042 0.218519
0 0.852865 0.388426 0.065104 0.087963
0 0.720313 0.286574 0.086458 0.078704
0 0.627865 0.256944 0.077604 0.060185
0 0.915365 0.321296 0.041146 0.057407
0 0.943229 0.301852 0.037500 0.048148
0 0.935872 0.273616 0.048057 0.046065
0 0.949159 0.264426 0.046578 0.040815
0 0.753909 0.250648 0.053224 0.050000
0 0.714820 0.233593 0.063484 0.050000
0 0.666839 0.226370 0.050198 0.048685
0 0.547216 0.227685 0.063557 0.051315
0 0.543560 0.184375 0.051672 0.038194
0 0.602984 0.202750 0.045031 0.040815
0 0.965768 0.260491 0.038464 0.040815
