0 0.677750 0.025465 0.043063 0.045375
0 0.959141 0.377750 0.034672 0.065278
0 0.925266 0.306681 0.047766 0.062361
0 0.864484 0.245771 0.050219 0.071069
0 0.716559 0.193417 0.046461 0.047889
0 0.655371 0.011993 0.036820 0.023986
0 0.528605 0.021563 0.060336 0.043125
0 0.544324 0.038562 0.040227 0.032292
0 0.578883 0.050396 0.050422 0.038819
0 0.584836 0.070792 0.052125 0.044361
0 0.602539 0.092951 0.043906 0.038319
0 0.740637 0.082125 0.034555 0.035806
0 0.717551 0.067521 0.035414 0.036819
0 0.699703 0.046618 0.037672 0.041347
0 0.690641 0.164465 0.050141 0.048403
0 0.665000 0.138028 0.045891 0.042861
0 0.643754 0.114104 0.046461 0.046375
