0 0.037562 0.782565 0.062031 0.063907
0 0.229997 0.622162 0.031016 0.071417
0 0.164794 0.711769 0.041589 0.075185
0 0.084086 0.585829 0.046526 0.051380
1 0.115451 0.436074 0.045818 0.052630
0 0.214844 0.476801 0.035948 0.058898
0 0.147526 0.459259 0.029604 0.048870
0 0.390359 0.473046 0.024667 0.061407
0 0.425956 0.473042 0.021151 0.051380
0 0.459083 0.479310 0.021146 0.051380
0 0.960966 0.613394 0.035245 0.036343
0 0.668789 0.501236 0.030307 0.047620
0 0.701565 0.499986 0.035245 0.055139
0 0.489042 0.477431 0.023260 0.065157
0 0.557065 0.489963 0.023964 0.057648
0 0.518297 0.630306 0.032427 0.092722
0 0.473888 0.658505 0.029609 0.088972
0 0.445693 0.748111 0.038062 0.100259
0 0.758661 0.511889 0.032427 0.056389
0 0.788620 0.503116 0.035948 0.051380
0 0.818224 0.505000 0.035948 0.057648
0 0.846068 0.498106 0.033833 0.056398
0 0.969776 0.650366 0.043000 0.047620
0 0.996695 0.766278 0.006609 0.038852
0 0.989997 0.735574 0.020005 0.045111
0 0.426659 0.642218 0.035245 0.093991
0 0.387185 0.656005 0.031016 0.081454
0 0.378378 0.741838 0.037359 0.115287
0 0.338198 0.651616 0.031719 0.082713
0 0.301893 0.637829 0.035245 0.085213
0 0.330443 0.772542 0.035948 0.096491
0 0.280396 0.748106 0.038771 0.102750
1 0.261719 0.639699 0.038062 0.083935
