0 0.562891 0.086806 0.057031 0.054167
0 0.813281 0.374306 0.062500 0.079167
0 0.430078 0.017361 0.035156 0.034722
0 0.480637 0.038806 0.041586 0.047611
0 0.260328 0.120257 0.045187 0.052625
0 0.895113 0.196694 0.021852 0.055139
0 0.519406 0.057604 0.038766 0.047625
0 0.456250 0.023611 0.043750 0.047222
0 0.447266 0.359028 0.036719 0.098611
0 0.860938 0.172917 0.028125 0.056944
0 0.113281 0.022917 0.028125 0.037500
0 0.828125 0.140278 0.031250 0.058333
0 0.731641 0.068056 0.035156 0.052778
0 0.794531 0.115278 0.034375 0.063889
0 0.700000 0.047917 0.031250 0.048611
0 0.761719 0.088194 0.035937 0.051389
0 0.621094 0.016667 0.050000 0.033333
0 0.383984 0.218056 0.050781 0.069444
2 0.017188 0.022222 0.034375 0.044444
0 0.399578 0.010632 0.035953 0.021264
