0 0.055941 0.309486 0.028195 0.042611
0 0.510246 0.041938 0.040180 0.036347
0 0.088719 0.124646 0.011984 0.023819
0 0.101410 0.184792 0.013398 0.031333
1 0.168020 0.189181 0.028195 0.045111
0 0.191637 0.214243 0.028898 0.037597
0 0.147227 0.193563 0.020437 0.028819
0 0.186703 0.151590 0.024672 0.027569
0 0.155336 0.223646 0.025375 0.036347
0 0.123266 0.195451 0.021844 0.037597
0 0.036211 0.264993 0.031016 0.036347
0 0.040789 0.272514 0.031719 0.033833
0 0.043258 0.290056 0.029609 0.041361
0 0.049953 0.295694 0.033125 0.042611
0 0.064051 0.308854 0.031727 0.048875
0 0.985688 0.211111 0.025375 0.053889
1 0.312488 0.105222 0.052227 0.062667
0 0.222969 0.230535 0.033906 0.042597
0 0.185961 0.250583 0.031797 0.045111
0 0.952207 0.193569 0.027492 0.063917
0 0.669195 0.699833 0.145203 0.119056
