0 0.278906 0.119444 0.048438 0.052778
0 0.490469 0.032597 0.045781 0.052694
0 0.516566 0.057625 0.047227 0.047750
0 0.896500 0.203611 0.024672 0.051500
0 0.871125 0.175424 0.031719 0.055264
0 0.840461 0.149729 0.035250 0.054014
0 0.455469 0.022222 0.037500 0.044444
0 0.420312 0.013889 0.042188 0.027778
0 0.466016 0.255556 0.071094 0.077778
0 0.527344 0.417361 0.085938 0.115278
0 0.166797 0.115278 0.044531 0.080556
0 0.146484 0.044444 0.033594 0.041667
0 0.804688 0.122222 0.031250 0.052778
0 0.535547 0.080556 0.046094 0.058333
0 0.748828 0.079861 0.030469 0.051389
0 0.716406 0.063194 0.031250 0.054167
0 0.775391 0.095833 0.030469 0.052778
