0 0.440625 0.759028 0.065625 0.095833
0 0.538281 0.643750 0.067187 0.076389
0 0.505859 0.679861 0.066406 0.093056
0 0.617500 0.525278 0.061875 0.064444
0 0.564453 0.590208 0.066406 0.086250
0 0.477344 0.722222 0.068750 0.094444
0 0.639062 0.491042 0.064062 0.070694
0 0.669531 0.432639 0.057813 0.051389
0 0.513281 0.175000 0.037500 0.055556
0 0.705469 0.118056 0.032813 0.038889
0 0.819141 0.097917 0.030469 0.037500
0 0.706250 0.063194 0.017188 0.043056
1 0.255469 0.490278 0.079687 0.127778
2 0.775000 0.060417 0.032813 0.051389
0 0.637121 0.095194 0.028898 0.032583
