0 0.355891 0.847119 0.076672 0.105388
0 0.702813 0.355325 0.017234 0.021300
0 0.664473 0.346550 0.028273 0.021300
0 0.844961 0.394738 0.030547 0.022675
0 0.798402 0.380387 0.031414 0.028825
0 0.617832 0.761213 0.072836 0.071425
0 0.475719 0.875313 0.092344 0.099125
0 0.060582 0.904762 0.059523 0.107650
0 0.114230 0.970581 0.075977 0.058838
0 0.349582 0.961181 0.122180 0.077638
0 0.777980 0.573844 0.056430 0.052687
0 0.747844 0.367856 0.032109 0.018788
0 0.918980 0.493044 0.028195 0.036338
0 0.903352 0.521925 0.031406 0.038975
0 0.833645 0.563219 0.051773 0.046363
0 0.756461 0.610219 0.060313 0.055138
0 0.893523 0.634081 0.036812 0.045237
0 0.832480 0.600875 0.038477 0.056525
0 0.734922 0.652194 0.062656 0.063913
0 0.870027 0.774500 0.058742 0.077700
0 0.908090 0.876506 0.097117 0.083962
0 0.895871 0.915412 0.090070 0.076325
0 0.855926 0.939281 0.108867 0.104012
0 0.406367 0.823875 0.088500 0.099000
0 0.794094 0.557081 0.057094 0.056388
0 0.823816 0.541356 0.054039 0.045237
0 0.836352 0.511838 0.049344 0.038850
0 0.853187 0.506894 0.042297 0.043987
0 0.865328 0.499938 0.039938 0.040100
0 0.876293 0.493737 0.036805 0.037725
0 0.881777 0.481206 0.041508 0.032713
0 0.950305 0.749313 0.073625 0.060150
0 0.942477 0.793856 0.081453 0.063787
0 0.929195 0.827756 0.087797 0.063912
0 0.011965 0.740038 0.023930 0.072675
0 0.755676 0.588344 0.060305 0.053762
0 0.741187 0.602819 0.057953 0.052638
0 0.727914 0.615981 0.064297 0.046362
0 0.680527 0.646675 0.071352 0.060150
0 0.662867 0.679825 0.070484 0.061275
0 0.623355 0.689288 0.069633 0.077700
0 0.586543 0.701819 0.071352 0.067663
0 0.558699 0.726875 0.078320 0.070175
0 0.522672 0.748181 0.079891 0.067663
0 0.452184 0.792606 0.089289 0.096363
