0 0.020207 0.821472 0.040414 0.141611
0 0.077066 0.676042 0.135336 0.159278
0 0.156367 0.553861 0.082469 0.148000
0 0.450977 0.273792 0.078313 0.059028
0 0.012102 0.238076 0.024203 0.042736
0 0.102762 0.209250 0.048711 0.040222
1 0.035008 0.188569 0.070016 0.071556
0 0.941965 0.480618 0.063445 0.076431
0 0.417527 0.175417 0.053570 0.042722
0 0.434797 0.164764 0.037359 0.036472
0 0.433387 0.154736 0.054273 0.038972
0 0.441141 0.141583 0.050047 0.037722
0 0.455945 0.134063 0.033125 0.032708
0 0.463309 0.125292 0.045180 0.035222
0 0.466871 0.112757 0.042289 0.032708
0 0.484141 0.108375 0.028906 0.028944
0 0.492914 0.094590 0.033906 0.031458
0 0.513711 0.080806 0.038844 0.026444
2 0.542293 0.135944 0.033836 0.064028
