0 0.902141 0.680493 0.143094 0.203014
0 0.896500 0.140958 0.033125 0.059028
0 0.916234 0.072035 0.026078 0.041486
0 0.915531 0.021285 0.019031 0.030208
0 0.896113 0.033188 0.019805 0.031458
0 0.876727 0.041958 0.026156 0.041472
0 0.791820 0.104639 0.043703 0.059056
0 0.754816 0.075799 0.042992 0.056514
0 0.786148 0.050167 0.033906 0.047611
0 0.825270 0.076417 0.036023 0.052750
0 0.847863 0.056368 0.027492 0.042736
0 0.811559 0.040146 0.029602 0.037597
0 0.844301 0.024479 0.026148 0.028819
0 0.219418 0.144715 0.055055 0.061542
0 0.449953 0.066396 0.029609 0.062792
0 0.410852 0.059500 0.040141 0.051500
0 0.376645 0.049479 0.038070 0.043986
0 0.348094 0.043215 0.037359 0.043986
0 0.085879 0.031938 0.017617 0.023931
0 0.308973 0.038826 0.035242 0.037708
0 0.287828 0.031937 0.036656 0.043986
0 0.272676 0.023160 0.034539 0.041486
0 0.242012 0.020653 0.035242 0.036472
0 0.192316 0.030056 0.030305 0.035222
0 0.046758 0.083306 0.022563 0.031444
0 0.122852 0.029431 0.022625 0.026444
0 0.101387 0.027542 0.020445 0.027694
