0 0.585254 0.257500 0.055055 0.049000
0 0.416016 0.736806 0.117969 0.190278
0 0.088672 0.249306 0.085156 0.084722
0 0.105078 0.424306 0.089844 0.112500
0 0.076563 0.066667 0.026562 0.050000
0 0.616797 0.224306 0.053906 0.054167
0 0.652344 0.251389 0.056250 0.041667
0 0.544531 0.188194 0.057813 0.043056
0 0.517969 0.256944 0.067187 0.050000
0 0.730078 0.275694 0.058594 0.068056
0 0.748437 0.268056 0.059375 0.069444
0 0.252344 0.734028 0.106250 0.206944
2 0.415766 0.168528 0.095156 0.096611
0 0.067906 0.029424 0.031016 0.046486
1 0.042492 0.056368 0.032500 0.085347
