0 0.950445 0.511861 0.047937 0.109028
0 0.032293 0.169111 0.037430 0.047667
0 0.775270 0.953611 0.047258 0.092778
0 0.709023 0.929806 0.054281 0.140389
0 0.632176 0.942333 0.050023 0.115333
0 0.566285 0.942937 0.047930 0.114042
0 0.296980 0.852090 0.055055 0.130319
0 0.240590 0.830785 0.052227 0.097736
0 0.881016 0.356444 0.061328 0.074000
0 0.422840 0.913493 0.054273 0.150375
0 0.366766 0.880931 0.057875 0.130361
0 0.116887 0.743056 0.050133 0.105278
0 0.907094 0.511236 0.048625 0.122806
0 0.235656 0.053847 0.053641 0.055139
0 0.599730 0.016875 0.055758 0.026306
0 0.849965 0.058229 0.051523 0.048875
2 0.763969 0.217389 0.043063 0.131611
0 0.987910 0.545069 0.024180 0.117806
0 0.483461 0.939201 0.050047 0.121597
0 0.198684 0.791951 0.051461 0.125292
0 0.156742 0.775021 0.045109 0.101514
0 0.027750 0.670382 0.045109 0.102764
0 0.840133 0.956743 0.044406 0.086514
0 0.688230 0.474271 0.040883 0.129069
