2 0.550406 0.134042 0.028937 0.060139
0 0.046301 0.855222 0.092602 0.144111
0 0.114414 0.707347 0.115672 0.131583
0 0.135562 0.580160 0.097344 0.152875
1 0.252605 0.901611 0.109961 0.196778
0 0.179262 0.295729 0.074789 0.062708
1 0.217680 0.249326 0.076906 0.082708
0 0.416492 0.332035 0.093750 0.082708
0 0.607168 0.339556 0.084586 0.067667
0 0.776336 0.419764 0.081766 0.077694
0 0.880309 0.419132 0.078242 0.053875
0 0.416105 0.167882 0.063508 0.040097
0 0.435492 0.154090 0.045891 0.040097
0 0.450293 0.135299 0.050117 0.037597
0 0.463336 0.122139 0.039547 0.036333
0 0.474613 0.117125 0.036727 0.033833
0 0.479195 0.107097 0.041656 0.031333
0 0.490473 0.097076 0.043070 0.031319
0 0.499637 0.082042 0.045883 0.031333
0 0.541258 0.178528 0.033125 0.046361
