0 0.823531 0.546326 0.050828 0.040097
0 0.828816 0.518757 0.048711 0.035097
0 0.836219 0.499958 0.048000 0.035083
0 0.847848 0.477403 0.044477 0.035083
0 0.852781 0.457979 0.040250 0.026319
0 0.853488 0.439181 0.044477 0.021306
0 0.859129 0.422896 0.041664 0.028819
0 0.868996 0.403465 0.038836 0.027569
0 0.859480 0.342688 0.018398 0.036347
0 0.281828 0.602715 0.045891 0.050125
0 0.313898 0.465493 0.039547 0.051375
0 0.402008 0.431660 0.033906 0.036347
0 0.563074 0.355222 0.036023 0.023806
2 0.585277 0.335792 0.043773 0.045111
0 0.556734 0.698583 0.059984 0.053889
0 0.576465 0.654097 0.062805 0.055139
0 0.603605 0.619000 0.062102 0.055139
0 0.619465 0.591438 0.051523 0.047625
0 0.636387 0.556347 0.055758 0.042611
0 0.656824 0.526271 0.048711 0.052625
0 0.669160 0.507472 0.052227 0.045111
0 0.680789 0.484292 0.047297 0.041361
0 0.690660 0.461736 0.047305 0.033833
0 0.701586 0.439181 0.046594 0.036333
0 0.705465 0.421007 0.043070 0.030069
0 0.714977 0.405979 0.039547 0.027569
0 0.726609 0.387806 0.041656 0.031333
0 0.744234 0.373396 0.047297 0.037597
0 0.787590 0.332667 0.017008 0.031333
0 0.765730 0.328903 0.019805 0.036333
0 0.741766 0.323889 0.021219 0.031333
0 0.746699 0.759979 0.066336 0.071431
0 0.780883 0.675396 0.052938 0.047625
0 0.788641 0.642188 0.054344 0.041347
0 0.804500 0.604597 0.057875 0.046361
0 0.812254 0.572639 0.052227 0.042611
0 0.492941 0.370257 0.031086 0.028819
0 0.470383 0.360854 0.024031 0.027569
0 0.442539 0.355222 0.033203 0.043861
2 0.435141 0.509354 0.059281 0.063903
0 0.470734 0.475521 0.048703 0.048875
0 0.489063 0.462986 0.034609 0.033833
0 0.501047 0.445444 0.041656 0.033833
0 0.527477 0.409104 0.039547 0.031319
0 0.536293 0.389681 0.037430 0.030083
0 0.599379 0.411611 0.036727 0.048861
0 0.667047 0.335174 0.036719 0.026319
0 0.686785 0.316375 0.024039 0.036333
0 0.664965 0.158479 0.016914 0.018792
0 0.623379 0.186049 0.015508 0.021292
2 0.638496 0.182292 0.019102 0.031333
2 0.576117 0.231792 0.039547 0.035083
0 0.474258 0.266250 0.028969 0.021306
0 0.588098 0.257472 0.031086 0.023806
0 0.553559 0.301333 0.025445 0.033833
0 0.036172 0.888431 0.052234 0.067667
0 0.009996 0.801965 0.019992 0.052625
0 0.141906 0.775653 0.053641 0.067667
2 0.127438 0.904729 0.064250 0.120292
0 0.483070 0.802590 0.069156 0.073931
0 0.714980 0.874646 0.069148 0.070181
