0 0.916667 0.322685 0.042708 0.056481
0 0.628125 0.256944 0.076042 0.056481
0 0.751966 0.250611 0.054276 0.052630
0 0.671255 0.228060 0.049344 0.047620
0 0.630372 0.209889 0.050755 0.041352
0 0.600768 0.204245 0.038068 0.040102
0 0.546844 0.228056 0.065552 0.052630
0 0.541911 0.181694 0.048635 0.037593
0 0.935589 0.274421 0.045115 0.040102
0 0.951096 0.269412 0.035245 0.040102
0 0.970833 0.255625 0.033833 0.032583
0 0.964490 0.265653 0.033833 0.035083
0 0.833333 0.320370 0.082292 0.075926
0 0.782552 0.427315 0.100521 0.119444
0 0.720313 0.286574 0.087500 0.076852
0 0.981055 0.246852 0.035953 0.035093
0 0.062760 0.886111 0.125521 0.220370
0 0.951302 0.612963 0.089063 0.174074
0 0.694531 0.495370 0.108854 0.144444
0 0.555990 0.575926 0.195312 0.248148
0 0.842708 0.794907 0.163542 0.302778
0 0.310677 0.803241 0.277604 0.289815
