0 0.842938 0.963639 0.047250 0.072722
2 0.764004 0.218000 0.042992 0.135333
0 0.198332 0.790687 0.052164 0.125319
0 0.155301 0.772549 0.043773 0.101569
0 0.629367 0.484264 0.040172 0.116472
0 0.723473 0.497486 0.040883 0.125250
0 0.805246 0.505583 0.047945 0.156611
0 0.950445 0.511861 0.047937 0.109028
0 0.714312 0.112743 0.056391 0.052625
0 0.023129 0.244944 0.043070 0.043861
2 0.764004 0.218000 0.042992 0.135333
0 0.957141 0.254340 0.037359 0.082708
0 0.198332 0.790687 0.052164 0.125319
0 0.907449 0.102715 0.042289 0.045125
0 0.354816 0.132792 0.060617 0.045111
0 0.714312 0.112743 0.056391 0.052625
0 0.907449 0.102715 0.042289 0.045125
0 0.354816 0.132792 0.060617 0.045111
0 0.023129 0.244944 0.043070 0.043861
0 0.907801 0.511868 0.048633 0.126569
0 0.907801 0.511868 0.048633 0.126569
0 0.957141 0.254340 0.037359 0.082708
0 0.240590 0.830785 0.052227 0.097736
0 0.296980 0.852090 0.055055 0.130319
0 0.566285 0.942937 0.047930 0.114042
0 0.632176 0.942333 0.050023 0.115333
0 0.709023 0.929806 0.054281 0.140389
