0 0.611357 0.524384 0.043703 0.076565
0 0.550385 0.455463 0.061323 0.041481
0 0.565188 0.419190 0.052865 0.036343
0 0.463682 0.377773 0.031719 0.038972
0 0.214508 0.464227 0.043703 0.038954
0 0.439716 0.375889 0.020443 0.032704
0 0.411169 0.412861 0.045109 0.033963
0 0.354779 0.445440 0.052161 0.038972
0 0.297682 0.405343 0.021146 0.033963
0 0.342448 0.383468 0.024688 0.030083
0 0.372393 0.358389 0.026776 0.025111
0 0.360419 0.373454 0.023964 0.030056
0 0.486245 0.386556 0.030323 0.036444
0 0.259620 0.483722 0.053573 0.052630
0 0.232477 0.439236 0.031714 0.038843
0 0.274427 0.414810 0.047917 0.042583
0 0.312133 0.398514 0.024672 0.032583
0 0.330107 0.390977 0.025380 0.032602
0 0.372753 0.367181 0.014807 0.025065
