0 0.020207 0.820840 0.040414 0.137847
0 0.076715 0.677924 0.134633 0.155514
0 0.130957 0.565201 0.110742 0.115292
0 0.379781 0.266271 0.072672 0.054014
0 0.521816 0.321410 0.094523 0.064042
0 0.651551 0.422910 0.094461 0.076569
0 0.011395 0.241833 0.022789 0.042722
0 0.418230 0.176042 0.052164 0.041472
0 0.433707 0.155368 0.056461 0.040236
0 0.455594 0.144090 0.038063 0.035208
0 0.462289 0.125271 0.045812 0.035264
0 0.478148 0.104618 0.047938 0.036458
0 0.498906 0.091458 0.040250 0.027694
0 0.502434 0.077674 0.044477 0.030208
0 0.560621 0.112132 0.021148 0.036458
