0 0.690660 0.461132 0.044477 0.035042
0 0.541406 0.701389 0.064062 0.069444
0 0.297266 0.538889 0.046094 0.055556
0 0.614844 0.618750 0.060937 0.054167
0 0.739062 0.811111 0.076563 0.069444
1 0.611719 0.570833 0.084375 0.077778
0 0.744922 0.756597 0.067969 0.068750
2 0.376172 0.436806 0.053906 0.070833
0 0.500391 0.449306 0.044531 0.043056
2 0.127734 0.903472 0.066406 0.123611
1 0.542969 0.278472 0.057813 0.081944
0 0.656250 0.525903 0.050000 0.057361
0 0.769609 0.707639 0.062656 0.056944
2 0.435137 0.509979 0.057867 0.062653
0 0.526773 0.409111 0.038141 0.033833
0 0.401340 0.467375 0.032430 0.035083
0 0.553562 0.368382 0.033906 0.030069
0 0.563781 0.354590 0.036016 0.027569
2 0.584223 0.335799 0.044477 0.047625
0 0.448918 0.380910 0.028898 0.035097
0 0.497555 0.330160 0.024672 0.026319
0 0.532449 0.326396 0.022555 0.028819
0 0.657883 0.350208 0.039547 0.028833
0 0.658941 0.331410 0.037430 0.026319
0 0.686430 0.313868 0.021922 0.038847
0 0.668809 0.506847 0.051523 0.043861
0 0.679027 0.484924 0.045180 0.040097
0 0.700879 0.437910 0.048008 0.038875
0 0.707930 0.421639 0.040953 0.031333
0 0.720266 0.409750 0.040250 0.032556
0 0.731543 0.392188 0.038836 0.030069
0 0.732953 0.375271 0.038844 0.031319
0 0.743527 0.365250 0.038836 0.033833
0 0.744266 0.327028 0.019031 0.030083
0 0.765062 0.333292 0.016922 0.032583
0 0.787969 0.335167 0.017625 0.031333
0 0.780531 0.672264 0.052234 0.041361
0 0.787262 0.640938 0.052867 0.046375
0 0.803125 0.603340 0.054984 0.051375
0 0.812957 0.574521 0.049414 0.046375
0 0.819691 0.546944 0.045820 0.043861
0 0.828148 0.522514 0.047234 0.042611
0 0.833434 0.495569 0.040883 0.031333
0 0.845773 0.479285 0.043000 0.038847
0 0.852117 0.459236 0.044406 0.033833
0 0.855285 0.437903 0.039477 0.023861
0 0.860574 0.420389 0.041586 0.033833
0 0.763297 0.273764 0.030312 0.031333
0 0.737926 0.266250 0.027492 0.023806
0 0.839039 0.283792 0.028266 0.023806
