0 0.867973 0.523125 0.060617 0.129028
0 0.422840 0.910986 0.054273 0.150389
0 0.354801 0.887819 0.055086 0.124083
0 0.117238 0.744931 0.050836 0.104028
0 0.908504 0.513118 0.048633 0.126569
0 0.199391 0.789438 0.051453 0.127819
0 0.839777 0.950479 0.047930 0.099042
0 0.898637 0.953611 0.041586 0.092778
0 0.984738 0.973660 0.030523 0.052681
0 0.160582 0.148451 0.055758 0.051375
0 0.018105 0.243715 0.036211 0.048819
2 0.765379 0.218000 0.041664 0.132833
0 0.856309 0.254972 0.036023 0.076444
0 0.992492 0.307597 0.015016 0.056389
0 0.988262 0.550083 0.023477 0.120306
0 0.155336 0.776903 0.043703 0.107778
0 0.632176 0.942333 0.050023 0.115333
0 0.709023 0.929806 0.054281 0.140389
0 0.775270 0.953611 0.047258 0.092778
0 0.240590 0.830785 0.052227 0.097736
0 0.950445 0.511861 0.047937 0.109028
0 0.296980 0.852090 0.055055 0.130319
0 0.566285 0.942937 0.047930 0.114042
