0 0.772266 0.692361 0.092969 0.129167
0 0.587695 0.942361 0.101953 0.112500
0 0.858594 0.239583 0.053125 0.065278
0 0.717187 0.191667 0.048438 0.050000
0 0.652344 0.137778 0.053125 0.046667
0 0.792969 0.132639 0.039062 0.051389
0 0.632617 0.113681 0.044141 0.050417
0 0.718359 0.059028 0.039844 0.048611
0 0.917969 0.545833 0.043750 0.091667
0 0.538281 0.365278 0.064062 0.075000
0 0.741406 0.079861 0.035937 0.043056
0 0.527969 0.020347 0.048750 0.040694
0 0.560977 0.052222 0.054766 0.045556
0 0.967691 0.958667 0.064148 0.082667
0 0.696504 0.040396 0.041477 0.043514
0 0.674238 0.021958 0.038414 0.038083
0 0.652820 0.013549 0.032297 0.027097
0 0.601320 0.090854 0.044188 0.040486
0 0.540813 0.038875 0.037391 0.034444
0 0.581605 0.074535 0.041477 0.038069
0 0.503590 0.014403 0.035695 0.027806
