0 0.793229 0.167856 0.040604 0.057287
0 0.158789 0.082139 0.025464 0.021204
0 0.201971 0.067931 0.028755 0.019546
0 0.196049 0.092667 0.027068 0.027222
0 0.222229 0.098681 0.028844 0.024213
0 0.297555 0.124250 0.038911 0.030222
0 0.351266 0.142292 0.043135 0.033231
0 0.377487 0.147556 0.036370 0.031722
0 0.990318 0.074625 0.016917 0.027213
0 0.902305 0.082972 0.035609 0.052630
0 0.190104 0.525926 0.086458 0.100000
0 0.328646 0.701852 0.117708 0.138889
0 0.747510 0.165676 0.044073 0.037593
0 0.210938 0.250926 0.041667 0.050000
0 0.887240 0.308796 0.054688 0.078704
0 0.934896 0.210648 0.033333 0.045370
0 0.701823 0.183333 0.043229 0.046296
0 0.140625 0.201389 0.028125 0.043519
0 0.783461 0.149134 0.031380 0.040602
0 0.869737 0.164847 0.022922 0.039250
0 0.875659 0.132519 0.031380 0.031722
0 0.839286 0.120565 0.036458 0.031574
0 0.267448 0.192593 0.042188 0.042593
0 0.898076 0.118231 0.023766 0.033241
0 0.920914 0.109208 0.022078 0.033231
0 0.871430 0.108532 0.029693 0.031583
0 0.474740 0.578241 0.106771 0.108333
0 0.195052 0.277315 0.032813 0.054630
0 0.394219 0.151852 0.051458 0.042593
0 0.122917 0.840741 0.123958 0.125926
0 0.085156 0.139352 0.020313 0.026852
0 0.142187 0.138889 0.022917 0.033333
0 0.945573 0.095370 0.023438 0.031481
0 0.120833 0.131944 0.028125 0.030556
0 0.747396 0.192361 0.044792 0.052315
0 0.124531 0.950130 0.144729 0.099741
1 0.985430 0.258083 0.029141 0.087370
1 0.829602 0.176880 0.060901 0.087370
0 0.315695 0.085977 0.026307 0.022565
0 0.331346 0.095000 0.032224 0.022556
