0 0.339977 0.035042 0.026859 0.045111
0 0.316012 0.015014 0.025445 0.030028
0 0.617578 0.495139 0.091406 0.123611
0 0.444922 0.186806 0.049219 0.065278
0 0.921195 0.193563 0.044406 0.048875
0 0.933176 0.156597 0.041586 0.042611
0 0.941281 0.120882 0.038063 0.041347
0 0.974727 0.123389 0.034609 0.036333
0 0.990379 0.162236 0.019242 0.043861
0 0.431613 0.070757 0.032492 0.038847
0 0.423848 0.018125 0.028242 0.031333
2 0.330813 0.067028 0.039547 0.081500
0 0.904023 0.947222 0.115391 0.102778
0 0.005469 0.688889 0.009375 0.058333
0 0.963805 0.178528 0.040953 0.046361
0 0.992844 0.113361 0.014312 0.033833
0 0.491883 0.128403 0.040250 0.056389
0 0.459809 0.140937 0.057867 0.061403
0 0.369230 0.152215 0.038836 0.068931
0 0.417164 0.097076 0.040250 0.048875
0 0.757422 0.690278 0.116406 0.183333
0 0.233594 0.618056 0.125000 0.113889
0 0.721094 0.444444 0.087500 0.111111
0 0.542188 0.270139 0.039062 0.084722
0 0.399895 0.054472 0.026852 0.041361
0 0.855078 0.636806 0.091406 0.129167
0 0.439844 0.275694 0.076563 0.084722
0 0.839063 0.217361 0.059375 0.059722
0 0.397656 0.124306 0.043750 0.062500
0 0.526457 0.023139 0.047227 0.033833
0 0.372402 0.014389 0.024039 0.028778
0 0.366059 0.080785 0.029680 0.048875
