0 0.742832 0.028806 0.034539 0.040222
0 0.882754 0.140326 0.038070 0.052764
0 0.633574 0.261257 0.035945 0.061542
0 0.581770 0.243090 0.028195 0.057764
0 0.502078 0.249979 0.029672 0.066542
0 0.462641 0.237451 0.032422 0.066542
0 0.369949 0.240583 0.030305 0.070306
1 0.021617 0.237444 0.043234 0.061528
1 0.104875 0.226792 0.074078 0.070306
0 0.598047 0.893056 0.086719 0.152778
0 0.512500 0.723611 0.071875 0.125000
0 0.096094 0.277083 0.054688 0.051389
0 0.329688 0.252083 0.032813 0.065278
0 0.239453 0.248611 0.036719 0.066667
0 0.022656 0.287500 0.039062 0.041667
