0 0.008223 0.501924 0.016445 0.063903
0 0.055219 0.310125 0.025375 0.049000
0 0.055219 0.300104 0.038063 0.048986
0 0.044641 0.293840 0.032422 0.046486
0 0.041117 0.284444 0.031016 0.040222
0 0.038648 0.271285 0.031719 0.041486
0 0.037207 0.264451 0.031789 0.037597
0 0.126762 0.170465 0.020445 0.020042
0 0.149672 0.185507 0.018328 0.030069
0 0.130992 0.203674 0.020437 0.036347
0 0.145441 0.219340 0.022555 0.040097
0 0.197605 0.218090 0.028195 0.037597
0 0.168355 0.231882 0.028914 0.040125
0 0.167645 0.198042 0.026086 0.032583
0 0.113016 0.191146 0.016922 0.026319
0 0.951832 0.194903 0.029602 0.053889
0 0.960410 0.510694 0.079180 0.096500
0 0.955355 0.433000 0.083180 0.073944
0 0.308590 0.134687 0.043070 0.041486
0 0.851387 0.110312 0.048633 0.050125
0 0.860199 0.092771 0.047930 0.047625
0 0.231754 0.233694 0.033195 0.046500
0 0.202188 0.256847 0.030312 0.042694
0 0.108434 0.312007 0.028898 0.055264
0 0.128875 0.250604 0.019031 0.037708
0 0.065437 0.310819 0.033125 0.052639
