0 0.908129 0.110250 0.019742 0.037722
0 0.935937 0.070153 0.019109 0.025194
0 0.969102 0.065139 0.014797 0.025194
0 0.700781 0.335417 0.064062 0.090278
1 0.727734 0.094444 0.074219 0.100000
0 0.200391 0.181250 0.050781 0.090278
0 0.758984 0.195833 0.046094 0.066667
0 0.869922 0.201389 0.058594 0.113889
0 0.800078 0.160764 0.034531 0.060417
0 0.165180 0.125917 0.036656 0.059028
0 0.140473 0.077674 0.033898 0.060264
0 0.116859 0.049479 0.026156 0.043986
0 0.056977 0.031931 0.038766 0.038972
0 0.052715 0.017562 0.037430 0.035125
0 0.831297 0.120903 0.029609 0.051500
0 0.509766 0.538889 0.107031 0.133333
0 0.101172 0.927778 0.122656 0.138889
0 0.243359 0.157639 0.047656 0.076389
