0 0.911328 0.661806 0.108594 0.134722
0 0.494922 0.238194 0.069531 0.081944
0 0.605859 0.168750 0.057031 0.065278
0 0.651953 0.089583 0.046094 0.051389
0 0.991406 0.607639 0.017188 0.079167
0 0.059375 0.886806 0.087500 0.118056
0 0.992969 0.766667 0.014063 0.086111
0 0.781250 0.059028 0.043750 0.048611
0 0.729688 0.063194 0.039062 0.045833
0 0.142187 0.693056 0.093750 0.122222
0 0.787500 0.017361 0.031250 0.034722
0 0.328906 0.483333 0.071875 0.086111
0 0.301949 0.656604 0.109961 0.105264
0 0.162383 0.566368 0.080359 0.105264
0 0.722770 0.036299 0.033836 0.037597
