0 0.408594 0.823125 0.090625 0.106250
0 0.451953 0.791250 0.092969 0.090000
0 0.521875 0.750625 0.081250 0.081250
0 0.680078 0.646250 0.075781 0.067500
0 0.911328 0.865625 0.107031 0.081250
0 0.559375 0.727500 0.079687 0.072500
0 0.667188 0.678750 0.065625 0.065000
0 0.618359 0.760625 0.074219 0.076250
0 0.585547 0.700000 0.074219 0.062500
0 0.930078 0.829375 0.096094 0.081250
0 0.010547 0.739375 0.021094 0.078750
0 0.619922 0.688125 0.057031 0.061250
0 0.865234 0.970062 0.103906 0.057375
0 0.712500 0.635000 0.059375 0.065000
0 0.811719 0.613125 0.054688 0.063750
0 0.867719 0.945488 0.112000 0.081450
0 0.893172 0.912906 0.093984 0.063912
0 0.942512 0.787594 0.083023 0.051388
0 0.555859 0.817500 0.083594 0.090000
0 0.950738 0.750000 0.072836 0.056400
0 0.729480 0.617737 0.061086 0.050250
0 0.742363 0.600187 0.061945 0.050250
0 0.846527 0.581456 0.040023 0.045112
0 0.880207 0.544488 0.035320 0.041350
0 0.919020 0.496237 0.028195 0.040100
0 0.756852 0.589600 0.058031 0.053875
0 0.780742 0.574562 0.050984 0.048875
0 0.794094 0.557644 0.057172 0.055138
0 0.811324 0.551381 0.047773 0.035087
0 0.823031 0.540731 0.055687 0.043862
0 0.837523 0.513725 0.047078 0.037725
0 0.852445 0.506262 0.043859 0.040100
0 0.865762 0.500000 0.040727 0.040100
0 0.878289 0.491225 0.037594 0.040100
0 0.883344 0.483081 0.043156 0.038837
