0 0.552482 0.358384 0.011984 0.027565
0 0.456617 0.578935 0.058505 0.050130
0 0.456982 0.609634 0.053547 0.051380
0 0.515831 0.671667 0.033130 0.072685
0 0.494331 0.763773 0.035245 0.081454
0 0.526404 0.452995 0.016214 0.028824
2 0.554599 0.456755 0.021854 0.043861
0 0.579974 0.449861 0.017625 0.037593
0 0.574688 0.423546 0.015510 0.025056
0 0.535565 0.423546 0.020443 0.040093
0 0.524289 0.411014 0.013391 0.030083
2 0.406219 0.496227 0.080354 0.080194
0 0.572927 0.361519 0.010573 0.018796
0 0.594424 0.357755 0.011276 0.031324
0 0.535919 0.357130 0.014099 0.032574
0 0.519000 0.359644 0.011281 0.020028
0 0.533802 0.290088 0.016917 0.013787
0 0.552836 0.286954 0.011276 0.012537
