0 0.987074 0.216771 0.022555 0.055264
0 0.177344 0.200000 0.026562 0.036111
0 0.225391 0.219444 0.033594 0.041667
0 0.147656 0.208333 0.026562 0.041667
0 0.065086 0.310132 0.032422 0.046486
0 0.057684 0.308875 0.033133 0.054000
2 0.057332 0.290076 0.045117 0.079069
0 0.043937 0.288826 0.032422 0.043986
0 0.039004 0.275674 0.029602 0.045236
2 0.025492 0.447979 0.050984 0.134208
0 0.143328 0.136569 0.016922 0.025194
0 0.146500 0.065146 0.011984 0.020181
0 0.179277 0.021292 0.011273 0.017694
0 0.099625 0.163507 0.014094 0.021431
0 0.085844 0.132188 0.010641 0.023931
0 0.130637 0.112132 0.009867 0.018931
0 0.134125 0.092708 0.009937 0.015167
0 0.953242 0.193590 0.026781 0.069042
0 0.834469 0.120910 0.057094 0.056514
0 0.845395 0.097722 0.047930 0.050250
