0 0.271615 0.723148 0.042188 0.092593
0 0.116198 0.436065 0.046979 0.050093
0 0.036508 0.891588 0.054276 0.058898
1 0.160214 0.713648 0.057802 0.151630
0 0.414677 0.638440 0.028198 0.048917
0 0.729411 0.494347 0.035948 0.053880
0 0.454857 0.468032 0.022557 0.048880
0 0.420669 0.464273 0.023266 0.061398
0 0.389654 0.472421 0.024672 0.062657
0 0.194753 0.593972 0.052161 0.047611
0 0.984115 0.739815 0.030729 0.051852
0 0.321875 0.724537 0.042708 0.104630
0 0.974219 0.667130 0.043229 0.045370
0 0.322917 0.627778 0.032292 0.083333
0 0.361458 0.744907 0.040625 0.089815
0 0.495052 0.639352 0.028646 0.093519
0 0.039323 0.775000 0.056771 0.059259
1 0.404167 0.746343 0.046875 0.181389
0 0.778646 0.505556 0.035417 0.051852
0 0.253906 0.629167 0.042188 0.089815
1 0.448437 0.757870 0.042708 0.171296
0 0.805990 0.499074 0.034896 0.051852
0 0.174740 0.460185 0.027604 0.048148
0 0.451823 0.638426 0.032813 0.082407
0 0.365625 0.625000 0.039583 0.112963
0 0.488542 0.476389 0.023958 0.049074
0 0.107292 0.916667 0.081250 0.072222
0 0.862760 0.499537 0.036979 0.052778
0 0.217969 0.722222 0.057813 0.146296
0 0.678646 0.497222 0.035417 0.057407
