0 0.743508 0.501236 0.031724 0.055139
0 0.451685 0.639088 0.033130 0.085213
0 0.715313 0.505000 0.031719 0.052630
0 0.679362 0.498731 0.034536 0.057648
0 0.648349 0.502495 0.023260 0.047620
0 0.115805 0.435458 0.046526 0.053898
0 0.046727 0.562644 0.049339 0.047620
0 0.082326 0.585199 0.045818 0.050120
0 0.414326 0.637829 0.026078 0.047620
0 0.390359 0.473671 0.024667 0.060157
0 0.420312 0.463889 0.021875 0.059259
0 0.806510 0.498148 0.034896 0.050000
0 0.455208 0.469907 0.023958 0.058333
0 0.778385 0.506481 0.035937 0.053704
0 0.887240 0.499074 0.034896 0.044444
0 0.983854 0.713426 0.032292 0.050926
0 0.863542 0.500463 0.035417 0.049074
1 0.448177 0.759259 0.042188 0.175926
0 0.495052 0.639815 0.029687 0.094444
0 0.159635 0.712963 0.061979 0.157407
0 0.215625 0.751852 0.044792 0.096296
0 0.194753 0.594597 0.052161 0.043861
0 0.271354 0.723148 0.042708 0.094444
0 0.321875 0.725000 0.042708 0.105556
0 0.253385 0.627315 0.042188 0.087963
0 0.365365 0.636111 0.034896 0.088889
0 0.899479 0.568056 0.046875 0.047222
0 0.322396 0.628241 0.033333 0.084259
0 0.363021 0.739815 0.040625 0.090741
1 0.404167 0.745833 0.047917 0.186111
