0 0.592578 0.898611 0.060156 0.102778
0 0.804535 0.587674 0.049336 0.037597
0 0.814402 0.564500 0.050758 0.043861
0 0.827090 0.535674 0.045117 0.038847
0 0.831320 0.511861 0.045109 0.043861
0 0.839426 0.489292 0.042992 0.036361
0 0.847180 0.472389 0.043000 0.030083
0 0.852469 0.454222 0.042297 0.031333
0 0.861980 0.419132 0.040180 0.036347
0 0.868328 0.397201 0.038766 0.032569
0 0.861277 0.369007 0.027492 0.031319
0 0.882426 0.343944 0.021852 0.031333
0 0.797152 0.335174 0.016180 0.036347
0 0.773137 0.334542 0.016273 0.032583
0 0.747437 0.370875 0.039469 0.025083
0 0.742855 0.386549 0.038773 0.031319
0 0.737922 0.405347 0.038766 0.033833
0 0.709730 0.436674 0.040180 0.038847
0 0.705852 0.457979 0.043703 0.036347
0 0.693867 0.478660 0.039469 0.040097
0 0.675539 0.493694 0.047938 0.042611
0 0.660738 0.517500 0.052164 0.047611
0 0.632895 0.541312 0.052867 0.042597
0 0.608223 0.581424 0.048633 0.037569
0 0.597648 0.602715 0.055687 0.040097
0 0.793750 0.625694 0.064062 0.065278
0 0.785547 0.658333 0.060156 0.063889
0 0.387891 0.586111 0.049219 0.055556
0 0.366406 0.616667 0.051562 0.058333
0 0.501953 0.618056 0.047656 0.047222
0 0.540234 0.565278 0.058594 0.050000
0 0.582656 0.631181 0.066875 0.062639
0 0.510938 0.728472 0.059375 0.068056
0 0.765234 0.701389 0.071094 0.091667
0 0.558984 0.668750 0.061719 0.062500
0 0.338672 0.668056 0.047656 0.050000
0 0.740234 0.765972 0.074219 0.079167
0 0.482031 0.764583 0.068750 0.073611
0 0.288672 0.972222 0.072656 0.052778
0 0.144141 0.718750 0.052344 0.068056
2 0.128516 0.903472 0.067969 0.123611
0 0.250391 0.762500 0.050781 0.063889
0 0.303516 0.706944 0.055469 0.061111
0 0.727348 0.318882 0.020445 0.038847
0 0.396875 0.867361 0.071875 0.079167
0 0.547266 0.842361 0.063281 0.090278
0 0.358594 0.913194 0.065625 0.084722
0 0.439453 0.811806 0.063281 0.070833
0 0.659996 0.372139 0.038133 0.032583
0 0.654043 0.346451 0.035945 0.028819
0 0.662816 0.332035 0.038133 0.027569
0 0.575410 0.414132 0.045180 0.041319
0 0.517258 0.426653 0.041656 0.031333
0 0.497168 0.446694 0.042367 0.033833
0 0.464742 0.482410 0.039547 0.037597
2 0.433414 0.507451 0.057094 0.060097
0 0.553609 0.369632 0.036688 0.032569
0 0.566953 0.356472 0.035312 0.023806
2 0.583516 0.334542 0.045891 0.045111
0 0.291023 0.517500 0.038766 0.045111
0 0.403113 0.405347 0.031695 0.041361
0 0.473238 0.394069 0.026789 0.033833
0 0.459141 0.325778 0.023969 0.032583
0 0.491176 0.280694 0.019102 0.025000
1 0.531391 0.276278 0.034547 0.046361
0 0.472180 0.261861 0.026078 0.020056
2 0.516590 0.240556 0.059914 0.042611
0 0.415754 0.247451 0.023336 0.018792
0 0.403773 0.260611 0.027563 0.020056
0 0.449586 0.233035 0.028969 0.020042
0 0.652984 0.172889 0.012688 0.020056
0 0.632539 0.176021 0.018328 0.028819
0 0.638516 0.185417 0.016250 0.022556
0 0.666375 0.181035 0.018328 0.021292
0 0.639590 0.218625 0.016914 0.021306
0 0.748141 0.325146 0.018328 0.036347
0 0.588098 0.491181 0.050820 0.045111
0 0.601141 0.471764 0.045891 0.031333
0 0.609949 0.452965 0.043773 0.031319
0 0.615238 0.429785 0.045883 0.030069
0 0.626164 0.415993 0.042359 0.027569
0 0.649777 0.384674 0.037430 0.030069
