0 0.595437 0.436063 0.069750 0.087042
0 0.866301 0.247139 0.050180 0.073250
0 0.924633 0.305882 0.048547 0.058736
0 0.715980 0.194896 0.046508 0.045764
0 0.799809 0.135785 0.038758 0.046486
0 0.766563 0.107868 0.034266 0.048653
0 0.740047 0.083569 0.034266 0.036333
0 0.689871 0.168063 0.051398 0.048653
0 0.717816 0.067986 0.034680 0.035611
0 0.695180 0.048764 0.037531 0.037778
0 0.655199 0.014250 0.039164 0.028500
0 0.602785 0.094451 0.043648 0.042125
0 0.585242 0.071604 0.049359 0.047208
0 0.544453 0.038972 0.042016 0.037056
0 0.528949 0.021500 0.058336 0.043000
