0 0.146109 0.029431 0.016984 0.028944
0 0.241660 0.021910 0.035945 0.033958
0 0.285008 0.030056 0.029609 0.037722
0 0.346687 0.041958 0.043000 0.043972
0 0.409070 0.058250 0.043703 0.051500
0 0.130289 0.028799 0.013391 0.025181
0 0.200035 0.026292 0.031789 0.040222
0 0.271617 0.023160 0.032422 0.041486
0 0.314969 0.033188 0.052875 0.046486
0 0.378051 0.048222 0.040883 0.041472
0 0.413297 0.394715 0.132516 0.135458
2 0.410797 0.196097 0.172766 0.161778
0 0.722395 0.221785 0.114898 0.120431
0 0.827070 0.156000 0.043703 0.061528
0 0.782309 0.103986 0.045820 0.057778
0 0.738254 0.070778 0.053570 0.069056
0 0.778430 0.050167 0.038063 0.052639
0 0.819281 0.078924 0.033906 0.057764
0 0.847508 0.062639 0.029609 0.040222
0 0.870031 0.047597 0.024031 0.035222
0 0.913766 0.060132 0.025375 0.030208
1 0.924340 0.115271 0.033836 0.077819
0 0.809445 0.039514 0.026781 0.036333
0 0.833059 0.031368 0.026086 0.035097
0 0.846805 0.020097 0.022562 0.032583
0 0.863723 0.013764 0.021148 0.025194
0 0.883813 0.034444 0.019031 0.028944
0 0.897168 0.028806 0.019102 0.027694
0 0.910559 0.022535 0.019102 0.025181
0 0.249023 0.147847 0.055047 0.062778
0 0.114781 0.187944 0.044406 0.060278
0 0.118305 0.135313 0.038766 0.045236
2 0.022441 0.107750 0.027492 0.050250
1 0.048168 0.038826 0.019742 0.032708
0 0.072484 0.030056 0.011984 0.027694
0 0.086934 0.028799 0.015508 0.025181
0 0.099941 0.028236 0.016289 0.026306
0 0.111605 0.032563 0.015508 0.025181
