0 0.925721 0.126556 0.022557 0.037593
0 0.866510 0.133444 0.032427 0.038852
2 0.851354 0.111519 0.043000 0.045111
0 0.880607 0.102116 0.022557 0.023806
0 0.892240 0.124046 0.021854 0.030074
0 0.907042 0.093972 0.024667 0.030074
0 0.929951 0.103995 0.025380 0.035083
0 0.940169 0.065148 0.028901 0.042611
0 0.948279 0.094657 0.022557 0.031204
0 0.966589 0.086727 0.020385 0.024065
0 0.988625 0.072347 0.021990 0.025676
0 0.349818 0.141204 0.040625 0.037963
0 0.904687 0.137963 0.032292 0.042593
0 0.835156 0.150926 0.035937 0.042593
0 0.977083 0.101852 0.028125 0.033333
0 0.841406 0.181944 0.041146 0.047222
0 0.377318 0.145347 0.036656 0.032583
0 0.327271 0.135972 0.036656 0.036389
0 0.328328 0.095227 0.038771 0.025065
0 0.796372 0.170412 0.037359 0.037602
1 0.988237 0.253745 0.023526 0.083954
2 0.801661 0.122167 0.049344 0.068926
0 0.266667 0.192130 0.040625 0.043519
0 0.393490 0.151389 0.050625 0.041667
0 0.102344 0.123611 0.023438 0.030556
0 0.764583 0.163889 0.041667 0.042593
0 0.125260 0.234259 0.032813 0.048148
0 0.875781 0.161574 0.035937 0.037963
0 0.062500 0.208796 0.030208 0.037963
0 0.196867 0.093347 0.025380 0.023806
0 0.200742 0.068282 0.028901 0.023806
0 0.177482 0.087708 0.020443 0.020046
0 0.158099 0.082699 0.022552 0.022565
0 0.038620 0.187329 0.026083 0.046361
