0 0.037211 0.781940 0.059911 0.065157
0 0.473534 0.657255 0.028901 0.083954
0 0.444987 0.746856 0.036651 0.100250
0 0.427719 0.642218 0.035948 0.093991
0 0.378372 0.741213 0.037370 0.116537
0 0.388245 0.649736 0.031719 0.083954
0 0.347010 0.649106 0.029604 0.077694
0 0.324099 0.739963 0.035948 0.086463
0 0.282159 0.738083 0.040880 0.102759
0 0.302250 0.637208 0.035948 0.081454
0 0.229646 0.620917 0.030312 0.068926
0 0.194398 0.721792 0.041589 0.092731
0 0.163380 0.709889 0.038760 0.068926
0 0.005036 0.865273 0.010073 0.053880
0 0.993523 0.772546 0.012953 0.048870
0 0.969424 0.649736 0.042286 0.046361
0 0.961672 0.613398 0.038063 0.033833
0 0.898935 0.498106 0.038068 0.051380
0 0.873208 0.499986 0.031719 0.050120
0 0.845716 0.497481 0.033130 0.050130
0 0.817521 0.503120 0.035948 0.056389
0 0.788974 0.502509 0.033833 0.055167
0 0.758302 0.504995 0.034542 0.055139
0 0.729409 0.503120 0.033130 0.056389
0 0.437234 0.479310 0.022552 0.058898
0 0.390714 0.471792 0.025375 0.058898
0 0.343484 0.486204 0.022552 0.050130
0 0.278284 0.489958 0.024672 0.055139
0 0.234227 0.469287 0.047932 0.041352
0 0.159508 0.452366 0.035245 0.055139
0 0.115099 0.432315 0.046521 0.052630
0 0.011029 0.465523 0.022057 0.043861
