1 0.021617 0.239958 0.043234 0.071556
0 0.600859 0.897917 0.085156 0.154167
0 0.582121 0.244340 0.027492 0.057764
0 0.633934 0.260660 0.035258 0.060097
0 0.462227 0.234937 0.030391 0.064014
0 0.414723 0.244715 0.028836 0.069181
1 0.104523 0.228674 0.073375 0.069042
1 0.841543 0.325771 0.090930 0.092736
0 0.702680 0.259979 0.043000 0.031347
0 0.020219 0.289431 0.040438 0.045111
0 0.095418 0.278153 0.053570 0.055139
0 0.239234 0.249333 0.036687 0.070167
0 0.331523 0.251868 0.028266 0.070125
0 0.511656 0.720507 0.069781 0.127819
1 0.704793 0.320757 0.113492 0.095236
