0 0.378646 0.659722 0.114583 0.119444
0 0.828125 0.544444 0.102083 0.096296
0 0.595573 0.545833 0.113021 0.110185
0 0.453125 0.392130 0.080208 0.089815
0 0.533854 0.372222 0.076042 0.072222
0 0.480208 0.313889 0.063542 0.064815
0 0.356510 0.402778 0.071354 0.081481
0 0.356771 0.340278 0.067708 0.071296
0 0.365104 0.273148 0.059375 0.055556
0 0.281250 0.288889 0.051042 0.062963
0 0.852604 0.177778 0.040625 0.046296
0 0.762760 0.233333 0.047396 0.051852
1 0.155990 0.238796 0.082812 0.120556
0 0.810417 0.197685 0.043750 0.058333
0 0.892969 0.120833 0.031771 0.036111
0 0.787500 0.175926 0.043750 0.044444
0 0.735677 0.165741 0.049479 0.050000
0 0.865885 0.136111 0.030729 0.040741
0 0.074219 0.179167 0.027604 0.056481
0 0.268490 0.192593 0.044271 0.042593
0 0.118750 0.159722 0.031250 0.039815
0 0.204687 0.238426 0.033333 0.052778
0 0.975781 0.560185 0.047396 0.068519
0 0.747031 0.197352 0.043000 0.048870
0 0.383661 0.147231 0.049344 0.033833
0 0.333263 0.135954 0.048641 0.033833
0 0.300836 0.125926 0.045818 0.031333
0 0.280044 0.120287 0.033839 0.025056
0 0.331148 0.102741 0.045818 0.030074
0 0.198276 0.166023 0.032427 0.036343
0 0.226471 0.122792 0.039474 0.027565
0 0.160565 0.178556 0.033130 0.033833
0 0.108404 0.218032 0.026078 0.047620
0 0.019237 0.177306 0.019734 0.028815
0 0.105937 0.123421 0.023969 0.028824
0 0.127786 0.134069 0.025375 0.027565
0 0.833594 0.151852 0.035937 0.046296
