0 0.185417 0.566204 0.034375 0.060185
0 0.693750 0.557407 0.067708 0.064815
0 0.138021 0.679167 0.056250 0.097222
0 0.878385 0.669907 0.091146 0.086111
0 0.900247 0.421940 0.009641 0.017287
0 0.487500 0.601389 0.096875 0.062037
0 0.080469 0.879630 0.118229 0.211111
0 0.842448 0.719907 0.095312 0.091667
0 0.515365 0.911574 0.133854 0.167593
0 0.881409 0.460884 0.021026 0.026639
0 0.209346 0.471009 0.024536 0.043778
0 0.247461 0.437519 0.013141 0.020407
0 0.226870 0.484250 0.021031 0.035981
0 0.205208 0.516667 0.028125 0.044444
0 0.844271 0.466667 0.021875 0.029630
0 0.734375 0.646759 0.052083 0.082407
