0 0.797133 0.333917 0.016219 0.033833
0 0.773871 0.328910 0.016211 0.033847
0 0.746734 0.325146 0.018328 0.033847
0 0.469680 0.359604 0.028266 0.027569
0 0.516906 0.423514 0.040953 0.035083
0 0.504215 0.441667 0.043773 0.036389
0 0.463687 0.483035 0.040250 0.038847
2 0.434785 0.507479 0.055758 0.062653
0 0.318516 0.488056 0.035953 0.046361
0 0.868328 0.395326 0.038766 0.038847
0 0.860926 0.419132 0.039477 0.038847
0 0.851410 0.450458 0.042992 0.028833
0 0.846125 0.469882 0.043703 0.030069
0 0.839426 0.489312 0.041586 0.038847
0 0.831672 0.509986 0.045812 0.042611
0 0.825684 0.537556 0.046523 0.045111
0 0.816168 0.563243 0.047227 0.046375
0 0.805238 0.588299 0.047930 0.038847
0 0.596484 0.607639 0.060156 0.056944
0 0.439016 0.383417 0.028969 0.020056
0 0.568008 0.356479 0.033203 0.028819
0 0.553910 0.370882 0.036023 0.030069
0 0.532059 0.405972 0.037430 0.032583
0 0.753043 0.364618 0.035320 0.030069
0 0.747051 0.386549 0.038836 0.031319
0 0.738594 0.403465 0.038844 0.035097
0 0.722734 0.420389 0.039547 0.033833
0 0.710379 0.437306 0.043102 0.035083
0 0.706520 0.459229 0.043773 0.036347
0 0.377344 0.912500 0.073438 0.091667
0 0.260547 0.628472 0.055469 0.068056
0 0.533984 0.700000 0.057031 0.063889
0 0.004687 0.824306 0.009375 0.043056
0 0.339453 0.532639 0.036719 0.045833
0 0.552734 0.667361 0.064844 0.062500
0 0.633211 0.540063 0.050828 0.040097
0 0.660352 0.519382 0.052937 0.046375
0 0.676914 0.497451 0.042359 0.035097
0 0.693480 0.479910 0.041664 0.040097
0 0.792902 0.617750 0.058508 0.047611
0 0.468656 0.389681 0.031719 0.032583
0 0.498262 0.365868 0.021852 0.027569
0 0.601492 0.473014 0.045188 0.031333
0 0.610652 0.452965 0.043773 0.028819
0 0.615590 0.429153 0.046586 0.036333
0 0.628277 0.416000 0.038133 0.030083
0 0.641316 0.398458 0.038836 0.035083
0 0.650129 0.384042 0.036727 0.031333
0 0.689637 0.309479 0.023961 0.037597
0 0.727348 0.318882 0.020445 0.036347
0 0.296094 0.723611 0.050000 0.061111
0 0.700781 0.606250 0.037500 0.068056
2 0.128125 0.903472 0.067187 0.123611
0 0.482031 0.764583 0.070312 0.073611
0 0.059375 0.870764 0.054688 0.072083
0 0.205859 0.702083 0.049219 0.062500
0 0.764453 0.563889 0.032031 0.050000
0 0.438672 0.812500 0.063281 0.072222
0 0.136719 0.775000 0.054688 0.075000
0 0.250391 0.761111 0.050781 0.061111
0 0.338672 0.667361 0.047656 0.051389
1 0.408984 0.446528 0.089844 0.123611
0 0.171875 0.834722 0.035937 0.083333
0 0.396836 0.872153 0.070234 0.086250
0 0.740234 0.765278 0.074219 0.077778
0 0.757031 0.727083 0.062500 0.068056
0 0.387891 0.585417 0.049219 0.054167
0 0.783594 0.655556 0.059375 0.058333
1 0.570703 0.502083 0.063281 0.070833
0 0.511328 0.728472 0.060156 0.068056
0 0.576562 0.633333 0.065625 0.066667
0 0.622656 0.566667 0.054688 0.052778
0 0.201289 0.822222 0.033359 0.080556
