0 0.514121 0.568257 0.087398 0.126569
0 0.474293 0.607729 0.085289 0.115292
0 0.348473 0.766875 0.095867 0.152889
0 0.256840 0.893437 0.109961 0.185458
0 0.587043 0.041326 0.024742 0.040125
0 0.616648 0.124014 0.040250 0.067667
0 0.703699 0.298833 0.038133 0.066417
0 0.754453 0.392188 0.046594 0.080208
0 0.825328 0.759354 0.061328 0.147875
0 0.720652 0.522514 0.035242 0.110278
0 0.012465 0.406597 0.024930 0.088972
0 0.180359 0.716750 0.088109 0.115278
0 0.715367 0.669132 0.044406 0.120292
2 0.840133 0.103972 0.044406 0.055139
2 0.833789 0.148451 0.055688 0.063903
0 0.574039 0.482396 0.081766 0.122847
0 0.543375 0.535042 0.079656 0.112778
