0 0.949543 0.409481 0.026289 0.022437
0 0.803215 0.382844 0.024539 0.022437
0 0.958746 0.752256 0.081492 0.060287
0 0.949105 0.783806 0.081492 0.061688
0 0.939906 0.808338 0.087625 0.077100
0 0.924414 0.845000 0.090656 0.097200
0 0.802344 0.626250 0.051562 0.065000
0 0.671484 0.680625 0.066406 0.063750
0 0.630078 0.680625 0.072656 0.078750
0 0.712500 0.633125 0.060937 0.056250
0 0.601953 0.703125 0.080469 0.073750
0 0.901953 0.881250 0.103906 0.112500
0 0.343750 0.961250 0.106250 0.075000
0 0.447656 0.801250 0.082812 0.082500
0 0.869922 0.936250 0.108594 0.100000
0 0.546484 0.708750 0.083594 0.085000
0 0.527734 0.745625 0.080469 0.086250
0 0.405078 0.832500 0.082031 0.090000
0 0.614844 0.781250 0.089063 0.100000
0 0.644922 0.844375 0.082031 0.096250
0 0.492188 0.774375 0.085938 0.096250
0 0.352734 0.860000 0.083594 0.090000
0 0.075781 0.911875 0.076563 0.111250
0 0.710547 0.873125 0.078906 0.088750
0 0.688867 0.647106 0.074484 0.079912
0 0.724789 0.616269 0.055203 0.051863
0 0.735305 0.588231 0.067469 0.063087
0 0.761156 0.581919 0.043813 0.050463
0 0.775176 0.574213 0.059586 0.051875
0 0.786125 0.554588 0.055203 0.051875
0 0.810664 0.550381 0.044688 0.046262
0 0.814168 0.535656 0.049945 0.042063
0 0.871562 0.552481 0.035047 0.042062
0 0.838699 0.531450 0.037680 0.036450
0 0.836508 0.512525 0.045563 0.040650
0 0.854473 0.506213 0.028914 0.033650
0 0.861043 0.499206 0.038555 0.042062
0 0.872875 0.492894 0.042938 0.040662
0 0.885141 0.486587 0.034172 0.036450
0 0.896969 0.476775 0.031547 0.033650
0 0.681418 0.342187 0.026289 0.016825
0 0.846148 0.396162 0.031547 0.021025
