0 0.372753 0.367181 0.014807 0.025065
0 0.487638 0.385287 0.031703 0.036463
0 0.261734 0.484977 0.053573 0.052639
0 0.250464 0.462431 0.060635 0.045139
0 0.256802 0.429829 0.035250 0.032565
0 0.270544 0.416056 0.034536 0.037593
0 0.292044 0.407301 0.028203 0.037565
0 0.312133 0.397255 0.024672 0.032583
0 0.329401 0.389079 0.026823 0.033898
0 0.345260 0.383468 0.030313 0.030083
0 0.360419 0.372806 0.025370 0.031352
0 0.371690 0.359032 0.028182 0.026380
0 0.131328 0.787546 0.164948 0.146741
0 0.587745 0.490551 0.031719 0.051491
0 0.565891 0.418495 0.052865 0.035213
0 0.463685 0.378398 0.033130 0.040222
0 0.440422 0.376519 0.021854 0.033963
0 0.311076 0.428523 0.064849 0.052750
0 0.824583 0.797634 0.136042 0.156639
