0 0.728385 0.494444 0.036979 0.061111
1 0.449219 0.757870 0.042188 0.173148
0 0.420312 0.463426 0.021875 0.060185
0 0.863594 0.499074 0.032396 0.046296
0 0.884839 0.493722 0.029604 0.045111
0 0.413620 0.635324 0.027490 0.045111
0 0.455560 0.471167 0.022557 0.050130
0 0.487281 0.478685 0.021146 0.050130
0 0.761458 0.838426 0.039583 0.093519
0 0.365625 0.626852 0.039583 0.114815
0 0.252083 0.458333 0.068750 0.062963
0 0.451823 0.637500 0.033854 0.080556
1 0.404427 0.744444 0.047396 0.185185
0 0.321094 0.725000 0.043229 0.103704
0 0.494792 0.638889 0.029167 0.092593
0 0.272135 0.723148 0.043229 0.092593
0 0.322656 0.628704 0.031771 0.083333
0 0.973177 0.667130 0.040104 0.045370
0 0.361198 0.744907 0.040104 0.089815
1 0.565885 0.481019 0.073438 0.069444
0 0.678906 0.497222 0.033854 0.055556
0 0.835156 0.495370 0.035937 0.050000
0 0.806510 0.495833 0.033854 0.047222
0 0.253385 0.631481 0.041146 0.094444
0 0.037578 0.775000 0.058177 0.061111
0 0.390008 0.472417 0.023964 0.060148
0 0.115805 0.436060 0.046526 0.055102
1 0.160677 0.711574 0.060937 0.152778
1 0.217969 0.722222 0.056771 0.144444
