0 0.377688 0.875903 0.059984 0.155389
0 0.638887 0.517500 0.042289 0.125306
0 0.950445 0.511861 0.047937 0.109028
0 0.775270 0.953611 0.047258 0.092778
0 0.709023 0.929806 0.054281 0.140389
0 0.632176 0.942333 0.050023 0.115333
0 0.566285 0.942937 0.047930 0.114042
0 0.296980 0.852090 0.055055 0.130319
0 0.240590 0.830785 0.052227 0.097736
0 0.112633 0.764368 0.041625 0.067653
0 0.481359 0.908507 0.058531 0.175486
0 0.780215 0.531250 0.048633 0.135278
0 0.610691 0.669757 0.093039 0.093986
0 0.982977 0.511236 0.034047 0.097750
2 0.764324 0.218000 0.043773 0.135333
0 0.822863 0.054472 0.052164 0.046361
0 0.889824 0.247451 0.029602 0.091486
0 0.965266 0.256854 0.038031 0.082708
0 0.987559 0.271882 0.024883 0.072681
1 0.978043 0.053847 0.043914 0.077694
0 0.074238 0.523771 0.067742 0.085208
0 0.063344 0.704847 0.050047 0.101500
0 0.154980 0.774396 0.042992 0.095236
0 0.197625 0.788181 0.050750 0.120306
0 0.838367 0.949854 0.045109 0.100292
0 0.968773 0.983063 0.039469 0.033875
