0 0.043586 0.269465 0.030312 0.037597
0 0.037594 0.266333 0.031016 0.046361
0 0.046371 0.238757 0.020508 0.016292
0 0.952184 0.198035 0.027492 0.057653
0 0.988137 0.216208 0.021852 0.046361
0 0.832727 0.114014 0.052203 0.047750
1 0.138672 0.206944 0.041406 0.066667
0 0.177734 0.199306 0.027344 0.040278
0 0.276562 0.175000 0.040625 0.041667
0 0.075781 0.354861 0.042188 0.079167
0 0.471875 0.192361 0.054688 0.043056
0 0.961719 0.738194 0.076563 0.145833
0 0.873437 0.402778 0.089063 0.088889
0 0.055215 0.312014 0.028195 0.050250
0 0.055918 0.293840 0.046523 0.076569
0 0.040414 0.286951 0.026781 0.045236
0 0.240953 0.107750 0.023266 0.027694
0 0.219453 0.161694 0.025375 0.025056
0 0.113723 0.295090 0.028195 0.056514
0 0.009633 0.454236 0.019266 0.061528
1 0.393750 0.134722 0.068750 0.086111
0 0.700000 0.561111 0.139063 0.155556
0 0.857422 0.545139 0.114844 0.162500
0 0.030078 0.446528 0.042969 0.073611
0 0.196094 0.262500 0.035937 0.047222
0 0.348438 0.195139 0.042188 0.043056
0 0.358203 0.281250 0.055469 0.065278
0 0.476953 0.238194 0.063281 0.059722
0 0.654297 0.247917 0.071094 0.054167
0 0.916016 0.352083 0.082031 0.070833
0 0.957422 0.501389 0.085156 0.100000
0 0.281641 0.248611 0.041406 0.047222
0 0.435937 0.388194 0.087500 0.112500
0 0.065402 0.312076 0.031789 0.050125
0 0.119711 0.166639 0.019031 0.027694
0 0.173988 0.147847 0.020445 0.027694
