0 0.096078 0.293722 0.016500 0.029333
0 0.165863 0.266729 0.026789 0.036625
0 0.443164 0.153972 0.035031 0.028639
0 0.462172 0.132667 0.031469 0.025972
0 0.495609 0.109687 0.029406 0.022653
0 0.592242 0.132778 0.032453 0.028889
0 0.314926 0.345729 0.044992 0.043792
0 0.522449 0.050514 0.027898 0.021611
0 0.573922 0.044521 0.034641 0.027208
0 0.454059 0.168236 0.040461 0.030417
0 0.418098 0.165063 0.035070 0.037653
0 0.414340 0.116792 0.030977 0.027528
0 0.431250 0.105458 0.027328 0.023361
0 0.181172 0.354639 0.029563 0.048333
0 0.783258 0.038354 0.033172 0.024542
0 0.249410 0.852347 0.047430 0.142472
0 0.191016 0.919583 0.046094 0.154444
0 0.718848 0.127076 0.036867 0.057986
0 0.576688 0.145479 0.051500 0.037958
0 0.595680 0.109514 0.040484 0.026778
0 0.619953 0.093333 0.030547 0.031972
0 0.811418 0.045819 0.022664 0.032639
0 0.758121 0.048153 0.035977 0.031972
0 0.774883 0.041806 0.033547 0.028611
0 0.138074 0.948861 0.036914 0.076361
0 0.733246 0.605424 0.101289 0.126375
0 0.317844 0.401549 0.050172 0.059903
0 0.610629 0.212194 0.045195 0.060389
0 0.790691 0.029215 0.031352 0.019431
0 0.803613 0.020306 0.028867 0.028000
0 0.398004 0.211319 0.043992 0.038889
0 0.333672 0.181944 0.031406 0.030556
0 0.369750 0.157417 0.031000 0.028167
0 0.382812 0.142674 0.034359 0.027958
0 0.399508 0.131542 0.031328 0.024472
0 0.446160 0.094812 0.030086 0.025736
0 0.465621 0.084201 0.027320 0.021986
0 0.484031 0.071826 0.024328 0.020847
0 0.493461 0.059806 0.031484 0.027306
0 0.562004 0.164632 0.041977 0.033958
0 0.481281 0.152312 0.040453 0.037292
0 0.506473 0.137160 0.037273 0.034292
0 0.522863 0.118847 0.042711 0.036972
0 0.542250 0.108861 0.035406 0.028306
0 0.558359 0.092847 0.036906 0.029028
0 0.575594 0.078722 0.031656 0.030639
0 0.540004 0.075722 0.032773 0.025306
