0 0.510544 0.376551 0.022557 0.021306
0 0.514419 0.358380 0.010578 0.015037
0 0.530281 0.360259 0.012687 0.018796
0 0.549310 0.360259 0.011276 0.018796
0 0.573276 0.359009 0.012687 0.021296
0 0.573276 0.427935 0.016917 0.026315
0 0.526760 0.440463 0.015500 0.028815
0 0.411505 0.477440 0.023260 0.035065
0 0.452742 0.587079 0.057797 0.036343
0 0.485417 0.569444 0.046875 0.040741
0 0.433073 0.483796 0.018229 0.030556
0 0.583073 0.454630 0.018229 0.027778
0 0.479687 0.497685 0.043750 0.039815
0 0.511458 0.659259 0.030208 0.066667
0 0.451823 0.662037 0.063021 0.062963
0 0.455469 0.610972 0.058854 0.046574
0 0.430729 0.890278 0.086458 0.078704
