0 0.529359 0.019861 0.058469 0.039722
0 0.395031 0.290201 0.048750 0.076236
0 0.886797 0.314694 0.049969 0.079778
0 0.925551 0.305931 0.045898 0.059833
0 0.866914 0.244896 0.050312 0.069486
0 0.715301 0.193528 0.046227 0.045333
0 0.799945 0.134604 0.039438 0.042292
0 0.690488 0.168146 0.049633 0.052569
0 0.740629 0.083840 0.032977 0.038681
0 0.717680 0.067528 0.034672 0.039889
0 0.695246 0.049396 0.037398 0.035042
0 0.677059 0.027333 0.037055 0.039278
0 0.656492 0.014125 0.039437 0.028250
0 0.603805 0.094111 0.044875 0.044722
0 0.585445 0.070243 0.048953 0.047736
0 0.544996 0.040326 0.042836 0.036264
