0 0.436910 0.220535 0.059914 0.042736
0 0.024438 0.892271 0.048875 0.180458
1 0.352996 0.382181 0.168539 0.150500
1 0.256461 0.241833 0.171281 0.112917
0 0.162355 0.328299 0.071898 0.060264
0 0.087289 0.352736 0.069781 0.059028
0 0.020289 0.299479 0.026156 0.047736
0 0.444316 0.373417 0.040883 0.070306
0 0.978734 0.520090 0.042531 0.060153
0 0.450621 0.194215 0.049414 0.032708
0 0.467578 0.186701 0.038063 0.032708
0 0.465777 0.173542 0.055758 0.038972
0 0.493973 0.157868 0.045883 0.032708
0 0.508070 0.129674 0.041656 0.031458
