0 0.252734 0.138194 0.049219 0.056944
0 0.921484 0.736111 0.135156 0.138889
0 0.123828 0.550694 0.122656 0.118056
0 0.628516 0.515972 0.121094 0.098611
0 0.683594 0.321528 0.090625 0.070833
0 0.580859 0.347917 0.067969 0.073611
0 0.950781 0.299306 0.084375 0.070833
0 0.402734 0.205556 0.061719 0.063889
0 0.990234 0.695139 0.019531 0.065278
0 0.291797 0.165972 0.055469 0.070833
0 0.350391 0.217361 0.064844 0.079167
0 0.834375 0.318056 0.092188 0.066667
0 0.268359 0.403472 0.064844 0.101389
0 0.205734 0.093313 0.044406 0.058903
0 0.265613 0.090181 0.047305 0.052639
0 0.160938 0.051958 0.042359 0.056389
0 0.229699 0.024417 0.041586 0.048833
2 0.279359 0.040076 0.064922 0.080153
0 0.201859 0.011882 0.025375 0.023764
0 0.542316 0.036924 0.033836 0.051375
0 0.588484 0.031910 0.026078 0.051375
0 0.624082 0.030049 0.035242 0.050097
0 0.655766 0.023139 0.035313 0.043861
0 0.682906 0.020028 0.033203 0.040056
