0 0.980990 0.695833 0.038021 0.049074
0 0.378125 0.731944 0.037500 0.100926
0 0.388281 0.643519 0.029687 0.079630
0 0.261458 0.630093 0.034375 0.080556
0 0.275781 0.725463 0.048438 0.091667
0 0.193750 0.722685 0.044792 0.095370
0 0.346875 0.648611 0.030208 0.080556
0 0.232292 0.731019 0.042708 0.095370
0 0.985417 0.776852 0.028125 0.050000
0 0.960417 0.614815 0.037500 0.040741
0 0.445833 0.743519 0.037500 0.092593
0 0.324740 0.736111 0.036979 0.081481
1 0.354036 0.842593 0.219010 0.159259
0 0.302083 0.636111 0.037500 0.083333
0 0.228385 0.618519 0.035937 0.068519
0 0.473438 0.656019 0.029167 0.087963
0 0.310677 0.484259 0.029687 0.055556
0 0.847135 0.498148 0.033854 0.055556
0 0.344010 0.487500 0.025521 0.054630
0 0.760677 0.508796 0.033854 0.050926
0 0.166146 0.709722 0.046875 0.076852
0 0.819010 0.504630 0.034896 0.053704
0 0.461198 0.475000 0.024479 0.059259
0 0.790365 0.504630 0.034896 0.053704
0 0.684115 0.495833 0.031771 0.058333
0 0.873911 0.499361 0.031719 0.046370
0 0.023010 0.874046 0.046021 0.076444
0 0.427365 0.640963 0.033833 0.091481
0 0.421021 0.468657 0.023969 0.060148
0 0.390005 0.471167 0.025375 0.060148
0 0.990000 0.733069 0.020000 0.042602
0 0.116156 0.434824 0.044406 0.052630
