0 0.544430 0.041313 0.043703 0.040097
0 0.925422 0.306979 0.048641 0.060153
0 0.913793 0.979306 0.057805 0.041389
0 0.866211 0.246201 0.050047 0.073931
0 0.799602 0.135917 0.038062 0.043861
0 0.716777 0.195444 0.047227 0.047611
0 0.717141 0.066375 0.035219 0.042611
0 0.603289 0.095194 0.045812 0.037583
0 0.694219 0.051340 0.037359 0.037597
1 0.528926 0.022535 0.060617 0.045069
0 0.306848 0.146576 0.039539 0.057653
0 0.654746 0.014389 0.038773 0.028778
0 0.676949 0.027528 0.036648 0.037583
0 0.741098 0.085799 0.033836 0.038847
0 0.689992 0.168507 0.048641 0.051375
0 0.586371 0.072639 0.051461 0.047611
0 0.614887 0.033167 0.042367 0.041361
