0 0.740719 0.083937 0.035953 0.040236
0 0.588078 0.944882 0.102984 0.110236
0 0.498941 0.313264 0.059914 0.082833
0 0.290297 0.058875 0.035953 0.042722
0 0.250824 0.073292 0.034539 0.051500
0 0.716754 0.192306 0.047227 0.049056
0 0.792891 0.134063 0.038750 0.047736
0 0.860547 0.238076 0.050047 0.070292
0 0.652609 0.137882 0.051453 0.050125
0 0.718867 0.059507 0.038766 0.046486
0 0.692801 0.045090 0.035914 0.040236
0 0.672695 0.025042 0.036656 0.037722
0 0.657188 0.014431 0.038062 0.028861
0 0.631812 0.111569 0.043703 0.047611
0 0.602879 0.088389 0.045180 0.036333
0 0.582121 0.075167 0.041586 0.037722
0 0.562734 0.052611 0.053578 0.045250
0 0.543348 0.037576 0.040180 0.035208
0 0.527840 0.022535 0.047227 0.042736
0 0.505285 0.013806 0.038773 0.027611
0 0.481672 0.008167 0.023969 0.016333
