0 0.256840 0.893437 0.109961 0.185458
0 0.348473 0.766875 0.095867 0.152889
0 0.567305 0.272514 0.058578 0.073944
0 0.704793 0.297576 0.034539 0.068931
0 0.824977 0.758729 0.063437 0.146625
0 0.721359 0.522514 0.036656 0.107778
0 0.603957 0.454847 0.079727 0.097750
0 0.632156 0.428528 0.065625 0.087722
0 0.804891 0.957375 0.062734 0.085250
0 0.753078 0.394069 0.046516 0.081444
0 0.722730 0.063868 0.038133 0.047625
0 0.769641 0.136549 0.030312 0.045125
0 0.609633 0.237424 0.041594 0.063903
0 0.587781 0.046938 0.026078 0.036375
0 0.624051 0.109611 0.043773 0.053889
2 0.840133 0.103972 0.044406 0.055139
0 0.574039 0.482396 0.081766 0.122847
0 0.543375 0.535042 0.079656 0.112778
0 0.514121 0.568257 0.087398 0.126569
0 0.474297 0.623389 0.092344 0.126556
2 0.833789 0.148451 0.055688 0.063903
0 0.715367 0.669132 0.044406 0.120292
