0 0.824492 0.036667 0.033359 0.035000
0 0.880250 0.011924 0.021922 0.023847
0 0.865133 0.016896 0.023969 0.028958
0 0.068258 0.088951 0.024672 0.032708
0 0.104559 0.093958 0.018320 0.037722
0 0.122531 0.102799 0.023266 0.042597
1 0.168703 0.035160 0.074719 0.067736
0 0.249059 0.022576 0.042289 0.045153
0 0.271613 0.023160 0.033836 0.036458
0 0.286066 0.029431 0.033133 0.041472
0 0.313910 0.034437 0.050758 0.041486
0 0.375234 0.048854 0.035250 0.042736
0 0.346875 0.040278 0.042188 0.050000
0 0.404687 0.056250 0.042188 0.051389
0 0.929297 0.134722 0.032031 0.055556
0 0.787891 0.052778 0.033594 0.044444
0 0.442969 0.070833 0.043750 0.055556
2 0.148047 0.090278 0.039844 0.088889
2 0.201172 0.107639 0.072656 0.106944
0 0.845703 0.064583 0.032031 0.045833
0 0.282031 0.088194 0.062500 0.065278
0 0.808984 0.083333 0.044531 0.066667
0 0.753125 0.072917 0.046875 0.054167
0 0.259766 0.150694 0.055469 0.068056
0 0.891406 0.084028 0.029687 0.048611
0 0.165234 0.170833 0.053906 0.069444
0 0.319531 0.179861 0.078125 0.079167
0 0.585938 0.300694 0.123438 0.126389
0 0.430469 0.239583 0.096875 0.095833
