0 0.831652 0.530700 0.046211 0.038975
0 0.668777 0.676150 0.072914 0.061450
0 0.627633 0.681706 0.072078 0.085087
0 0.600250 0.704306 0.079812 0.077662
0 0.546590 0.708738 0.080727 0.089025
0 0.526996 0.746912 0.080695 0.087675
0 0.491359 0.773875 0.086188 0.094000
0 0.422832 0.826375 0.097930 0.101500
0 0.352363 0.856538 0.080586 0.099175
0 0.942477 0.793856 0.081453 0.063787
0 0.876687 0.751881 0.050125 0.065288
0 0.900219 0.879131 0.098766 0.104012
0 0.826168 0.959931 0.107305 0.080138
0 0.870852 0.935525 0.105656 0.101500
0 0.434957 0.969956 0.097117 0.060088
0 0.348410 0.965563 0.104164 0.068875
0 0.072723 0.918544 0.065008 0.105138
0 0.608477 0.784463 0.068219 0.072800
0 0.688320 0.793863 0.080672 0.091600
0 0.762371 0.684837 0.040648 0.071550
0 0.833605 0.592731 0.039164 0.047737
0 0.869637 0.555706 0.032898 0.043863
0 0.912359 0.506887 0.022641 0.038975
0 0.696937 0.657206 0.068141 0.066413
0 0.707512 0.635275 0.065789 0.052625
0 0.725133 0.615912 0.050906 0.049000
0 0.737664 0.597119 0.058734 0.056513
0 0.759203 0.585212 0.048562 0.050250
0 0.775258 0.575125 0.057172 0.050125
0 0.787789 0.555138 0.052469 0.055275
0 0.815984 0.540100 0.054047 0.047750
0 0.957355 0.749313 0.073617 0.060150
0 0.885730 0.483713 0.041586 0.040225
0 0.872375 0.493113 0.043078 0.038975
0 0.863367 0.498744 0.037594 0.035212
0 0.013059 0.733019 0.026117 0.082712
0 0.922539 0.840250 0.091641 0.091500
0 0.849664 0.504387 0.043078 0.038975
0 0.839484 0.513781 0.049344 0.045237
