0 0.714961 0.505625 0.031016 0.056398
0 0.976826 0.663523 0.041589 0.043861
0 0.814349 0.687329 0.062031 0.078954
0 0.647995 0.499986 0.025375 0.047620
0 0.452036 0.642847 0.033833 0.085213
0 0.495034 0.639088 0.028193 0.092731
0 0.487635 0.483065 0.023260 0.053870
0 0.455203 0.469282 0.021865 0.053880
0 0.389656 0.471792 0.023260 0.061398
0 0.353352 0.488083 0.019734 0.053889
0 0.321281 0.478681 0.026083 0.070176
0 0.290617 0.476181 0.031016 0.055139
1 0.450628 0.760634 0.039474 0.167935
1 0.404810 0.744347 0.047932 0.180454
0 0.365336 0.638458 0.032422 0.086472
0 0.321987 0.726801 0.041589 0.107769
0 0.272292 0.724926 0.042292 0.091481
0 0.194753 0.597106 0.050755 0.046361
0 0.744214 0.499361 0.031719 0.056389
0 0.777695 0.503120 0.035245 0.056389
0 0.806242 0.497481 0.033130 0.052630
0 0.838667 0.500611 0.034542 0.056389
0 0.886945 0.498106 0.033818 0.043861
0 0.254315 0.630315 0.040182 0.090222
1 0.160919 0.714273 0.060620 0.150380
0 0.082677 0.586454 0.046521 0.050130
0 0.031221 0.573921 0.043703 0.050120
0 0.173253 0.459884 0.028901 0.050120
1 0.116156 0.434824 0.047229 0.052630
0 0.216253 0.753116 0.042995 0.092731
