0 0.198684 0.791937 0.051461 0.125319
0 0.240590 0.830785 0.052227 0.097736
0 0.566285 0.942937 0.047930 0.114042
0 0.950445 0.511861 0.047937 0.109028
0 0.709023 0.929806 0.054281 0.140389
0 0.632176 0.942333 0.050023 0.115333
0 0.905332 0.103340 0.046523 0.046375
0 0.356914 0.884681 0.050859 0.132861
0 0.429887 0.908479 0.054273 0.150375
0 0.830613 0.085167 0.047930 0.045111
1 0.972051 0.107104 0.055898 0.083958
0 0.618809 0.511236 0.100820 0.125306
0 0.986148 0.169132 0.027703 0.040097
0 0.929301 0.154715 0.046523 0.048875
0 0.854582 0.137174 0.057805 0.058903
0 0.993199 0.273764 0.013602 0.066417
2 0.764355 0.217972 0.042289 0.135389
0 0.152516 0.777528 0.049344 0.091472
0 0.296277 0.852090 0.055055 0.130319
0 0.817559 0.952361 0.047258 0.092778
0 0.292750 0.151583 0.064922 0.055139
0 0.496496 0.928528 0.053570 0.142861
0 0.892293 0.961757 0.045820 0.076486
0 0.106293 0.749931 0.043039 0.079028
0 0.908500 0.510611 0.050031 0.124056
