0 0.980469 0.661389 0.039062 0.041296
0 0.163031 0.710514 0.042292 0.082713
0 0.802604 0.505556 0.038542 0.057407
0 0.113594 0.433565 0.043854 0.048796
0 0.828385 0.502315 0.033854 0.049074
0 0.325781 0.729630 0.039062 0.079630
0 0.198698 0.715278 0.043229 0.089815
0 0.349219 0.635648 0.032813 0.078704
0 0.476042 0.648611 0.033333 0.089815
0 0.278125 0.727778 0.040625 0.081481
1 0.268768 0.934824 0.243891 0.125315
0 0.309115 0.629167 0.035937 0.084259
0 0.235677 0.632870 0.035937 0.075000
0 0.923438 0.488889 0.043750 0.048148
0 0.427344 0.638889 0.038021 0.094444
0 0.862500 0.506481 0.040625 0.057407
0 0.433854 0.761111 0.032292 0.087037
0 0.880755 0.500926 0.032344 0.048148
0 0.984008 0.698606 0.031984 0.051380
0 0.993523 0.758134 0.012953 0.047620
0 0.374479 0.756481 0.041667 0.105556
0 0.384115 0.635648 0.034896 0.089815
0 0.229167 0.729630 0.046875 0.107407
0 0.763245 0.496852 0.035948 0.056389
0 0.727646 0.498106 0.033833 0.053880
0 0.659625 0.498736 0.035948 0.055139
0 0.473536 0.469912 0.019031 0.052639
0 0.433711 0.468032 0.022557 0.061398
0 0.389297 0.468657 0.025365 0.060148
0 0.304010 0.483069 0.023969 0.061398
0 0.171138 0.454875 0.030307 0.042602
