0 0.925426 0.305090 0.047227 0.061403
0 0.867270 0.245576 0.049336 0.072681
0 0.716777 0.191056 0.047227 0.043861
0 0.792551 0.132792 0.036648 0.042611
0 0.693867 0.164118 0.046516 0.037597
0 0.768586 0.108354 0.035250 0.033847
0 0.741445 0.084542 0.037359 0.036333
0 0.716777 0.062611 0.034539 0.035083
0 0.700211 0.047576 0.036656 0.037597
0 0.675188 0.027528 0.044406 0.040111
0 0.651930 0.014368 0.031719 0.023819
0 0.603996 0.095819 0.047227 0.036333
0 0.586020 0.069507 0.049336 0.046375
0 0.563816 0.052590 0.038773 0.035097
0 0.543375 0.038806 0.041594 0.035083
1 0.526809 0.021910 0.060617 0.043819
