0 0.809430 0.660981 0.121245 0.109148
0 0.898599 0.533157 0.107844 0.094111
0 0.642372 0.444815 0.088818 0.075315
0 0.508443 0.363356 0.074719 0.065287
0 0.450289 0.295065 0.069786 0.056519
0 0.333279 0.330153 0.057099 0.064028
0 0.340680 0.273134 0.054984 0.050250
0 0.245872 0.340806 0.045818 0.070296
0 0.683609 0.280718 0.059917 0.062657
0 0.739987 0.234977 0.052891 0.056398
0 0.734714 0.200495 0.050750 0.047657
1 0.768195 0.137236 0.066964 0.073935
0 0.779471 0.179838 0.037359 0.038843
0 0.808372 0.201139 0.044411 0.048870
0 0.845378 0.179843 0.035245 0.041352
0 0.828464 0.152898 0.040885 0.042611
0 0.882034 0.159162 0.040880 0.050120
0 0.952523 0.068940 0.022557 0.025065
0 0.917630 0.142245 0.028896 0.038843
0 0.939130 0.128463 0.021146 0.026315
0 0.957104 0.117806 0.023260 0.030074
0 0.973667 0.104648 0.021146 0.031333
0 0.992122 0.094000 0.015755 0.030074
0 0.395659 0.152833 0.052161 0.040222
0 0.376276 0.148449 0.035948 0.033954
0 0.349492 0.140301 0.034536 0.035213
0 0.290984 0.236167 0.047229 0.043981
0 0.219792 0.266241 0.043000 0.051500
0 0.246227 0.217370 0.043703 0.043981
0 0.286404 0.200454 0.043703 0.045241
0 0.252570 0.176639 0.039474 0.037722
1 0.204635 0.181032 0.057802 0.069046
0 0.148951 0.164801 0.035245 0.038843
0 0.147542 0.211731 0.036656 0.045241
0 0.122164 0.193000 0.031016 0.037593
0 0.098904 0.175454 0.032422 0.042611
0 0.040398 0.194185 0.025380 0.037722
0 0.024536 0.177958 0.023260 0.032583
0 0.072471 0.164736 0.026078 0.031454
0 0.091503 0.138426 0.024672 0.026444
0 0.111591 0.124639 0.023964 0.026444
0 0.086922 0.115241 0.023969 0.025185
