0 0.037477 0.700549 0.074953 0.127819
0 0.920211 0.952382 0.091672 0.095236
0 0.845895 0.741799 0.102852 0.163014
0 0.780754 0.491708 0.088602 0.094083
0 0.920750 0.363785 0.053359 0.067958
0 0.967742 0.401201 0.041609 0.062736
0 0.983992 0.294167 0.032016 0.047083
2 0.692887 0.381187 0.129227 0.179347
1 0.922707 0.292424 0.076852 0.092319
0 0.443152 0.209299 0.054727 0.083403
0 0.482414 0.196313 0.054391 0.085208
0 0.393523 0.079972 0.041813 0.059222
0 0.316184 0.068792 0.052352 0.056194
0 0.301059 0.052785 0.047930 0.050764
0 0.285082 0.036764 0.045211 0.047750
0 0.336922 0.017931 0.034672 0.035861
