0 0.717187 0.193056 0.046875 0.050000
0 0.601172 0.528472 0.088281 0.143056
0 0.801562 0.565972 0.075000 0.090278
0 0.582031 0.740972 0.048438 0.156944
0 0.811328 0.676389 0.074219 0.077778
0 0.457031 0.334028 0.051562 0.087500
0 0.741016 0.083611 0.035156 0.036944
0 0.254297 0.102083 0.032031 0.045833
0 0.657656 0.132153 0.048750 0.049861
0 0.430078 0.386111 0.053906 0.094444
0 0.718750 0.059722 0.040625 0.048611
0 0.634570 0.112778 0.041797 0.045556
0 0.385773 0.147465 0.057500 0.084597
0 0.791996 0.128833 0.040508 0.042306
0 0.859273 0.237611 0.048156 0.070500
0 0.607012 0.089049 0.046742 0.045319
0 0.584211 0.071424 0.035687 0.040292
0 0.561406 0.053042 0.044469 0.043806
0 0.542145 0.039944 0.038242 0.033750
0 0.525008 0.024583 0.041359 0.035250
0 0.511410 0.012799 0.047023 0.025597
0 0.673727 0.025597 0.036828 0.039278
0 0.693559 0.042715 0.037961 0.042292
0 0.656023 0.013806 0.039375 0.027611
