0 0.638887 0.517500 0.042289 0.125306
0 0.956789 0.147201 0.056391 0.073931
0 0.964543 0.258104 0.039477 0.085208
0 0.987207 0.271882 0.025586 0.072681
0 0.986148 0.062618 0.027703 0.052625
0 0.520430 0.020014 0.059281 0.032583
0 0.908148 0.511861 0.049328 0.124056
0 0.789363 0.538833 0.054242 0.130389
0 0.560297 0.503090 0.041594 0.129069
0 0.481359 0.908507 0.059938 0.172986
0 0.693859 0.498722 0.043688 0.122833
0 0.240590 0.830785 0.052227 0.097736
0 0.296980 0.852090 0.055055 0.130319
0 0.566285 0.942937 0.047930 0.114042
0 0.632176 0.942333 0.050023 0.115333
0 0.775270 0.953611 0.047258 0.092778
0 0.709023 0.929806 0.054281 0.140389
0 0.950445 0.511861 0.047937 0.109028
0 0.349129 0.882806 0.055023 0.129111
0 0.156004 0.774431 0.043773 0.095306
0 0.198687 0.787556 0.050047 0.124056
0 0.847535 0.946722 0.046523 0.106556
0 0.916262 0.962382 0.041586 0.075236
0 0.969129 0.982431 0.040180 0.035139
0 0.987559 0.546951 0.024883 0.119042
2 0.763262 0.217375 0.043070 0.131583
