0 0.678906 0.498148 0.035937 0.057407
0 0.489323 0.476852 0.024479 0.050000
0 0.886979 0.497222 0.034375 0.042593
0 0.251823 0.471296 0.050521 0.037037
0 0.253646 0.625926 0.041667 0.100000
0 0.778125 0.506019 0.036458 0.052778
0 0.862500 0.501389 0.036458 0.052778
1 0.217708 0.721296 0.057292 0.146296
0 0.805990 0.497685 0.034896 0.047222
1 0.403802 0.745880 0.047604 0.180463
1 0.448698 0.758796 0.042188 0.176852
0 0.995286 0.754370 0.009427 0.042611
0 0.419966 0.466153 0.024672 0.062657
0 0.389654 0.474296 0.024672 0.063907
0 0.414680 0.636579 0.026786 0.047620
0 0.450979 0.639708 0.033125 0.081454
0 0.385073 0.983699 0.086000 0.025065
0 0.036154 0.890338 0.054984 0.056398
0 0.116862 0.436079 0.044411 0.050120
0 0.193695 0.592718 0.051453 0.047620
1 0.160214 0.714269 0.059208 0.155389
0 0.455469 0.468519 0.023438 0.055556
0 0.365104 0.625000 0.040625 0.114815
0 0.082552 0.583796 0.048438 0.054630
0 0.107552 0.915741 0.080729 0.070370
0 0.322135 0.725000 0.043229 0.105556
0 0.271875 0.722685 0.042708 0.093519
0 0.974219 0.667130 0.042188 0.045370
0 0.322396 0.628241 0.033333 0.082407
0 0.361198 0.744907 0.040104 0.089815
0 0.495052 0.639815 0.029687 0.094444
