0 0.426641 0.065972 0.029844 0.045833
2 0.904883 0.753889 0.123828 0.210833
0 0.918359 0.188889 0.046094 0.058333
0 0.496094 0.140278 0.043750 0.050000
0 0.046484 0.625000 0.092969 0.105556
0 0.958984 0.965278 0.082031 0.066667
0 0.817387 0.842639 0.121320 0.226389
0 0.528570 0.021861 0.048641 0.033778
0 0.964512 0.169757 0.049414 0.068931
0 0.449219 0.095833 0.037500 0.055556
0 0.816797 0.179167 0.060156 0.066667
0 0.181250 0.563194 0.100000 0.109722
0 0.306250 0.038889 0.026562 0.055556
0 0.863281 0.212986 0.046875 0.054583
0 0.377344 0.018056 0.031250 0.036111
2 0.929414 0.135833 0.064609 0.080000
0 0.876172 0.168750 0.044531 0.045833
