0 0.127816 0.097097 0.033836 0.038972
0 0.158984 0.166667 0.050781 0.072222
0 0.194141 0.131250 0.049219 0.056944
0 0.912109 0.081944 0.025781 0.044444
0 0.591406 0.242361 0.084375 0.115278
0 0.277344 0.083333 0.057813 0.052778
0 0.407031 0.062500 0.043750 0.050000
0 0.056250 0.109028 0.025000 0.048611
0 0.931391 0.045715 0.022562 0.036458
0 0.085172 0.173535 0.037359 0.046486
0 0.126059 0.141583 0.035945 0.050250
0 0.377332 0.048229 0.042320 0.043986
0 0.342105 0.044465 0.045117 0.046486
0 0.315320 0.032556 0.052156 0.040222
0 0.284660 0.031931 0.034539 0.038972
0 0.245535 0.031931 0.032430 0.036472
0 0.271266 0.023792 0.031719 0.037722
0 0.242012 0.019403 0.036648 0.033972
0 0.021031 0.103361 0.019031 0.031444
0 0.034418 0.112757 0.021852 0.032708
0 0.112629 0.029431 0.016289 0.026444
0 0.037910 0.061389 0.017695 0.027694
0 0.097156 0.127174 0.030312 0.041486
0 0.078125 0.122160 0.023266 0.041486
0 0.097863 0.031931 0.016211 0.026444
0 0.148438 0.705556 0.160938 0.213889
0 0.403906 0.461111 0.132812 0.161111
0 0.665234 0.343056 0.096094 0.116667
0 0.322656 0.719444 0.173437 0.225000
0 0.258984 0.157639 0.063281 0.079167
0 0.862891 0.115278 0.036719 0.055556
0 0.603516 0.181944 0.089844 0.075000
0 0.481641 0.110417 0.083594 0.065278
