0 0.372753 0.367181 0.014807 0.025065
0 0.826701 0.797634 0.140276 0.156639
0 0.251865 0.496255 0.053573 0.052639
0 0.258560 0.451769 0.045818 0.033833
0 0.254682 0.423574 0.025375 0.025056
0 0.466854 0.379028 0.023969 0.041481
0 0.489057 0.451079 0.064146 0.042731
0 0.275125 0.417306 0.028198 0.037593
0 0.317773 0.394755 0.024672 0.032583
0 0.333630 0.389727 0.025375 0.032602
0 0.363237 0.372819 0.018328 0.031324
0 0.384383 0.360287 0.023964 0.026315
0 0.490820 0.384037 0.028193 0.041481
0 0.577885 0.404088 0.028917 0.036472
0 0.230367 0.432972 0.028901 0.038852
0 0.296271 0.404778 0.036656 0.042611
0 0.345263 0.380338 0.030307 0.036343
0 0.448174 0.377773 0.017620 0.031454
0 0.428797 0.372130 0.021135 0.032704
