0 0.370652 0.484313 0.100805 0.119181
0 0.098918 0.568306 0.098680 0.114111
0 0.870953 0.323903 0.053031 0.055917
0 0.930711 0.311937 0.039563 0.053736
0 0.957430 0.294174 0.031812 0.047208
0 0.986668 0.279306 0.026664 0.050833
0 0.463477 0.171076 0.052688 0.071986
0 0.507160 0.166243 0.048273 0.073181
0 0.419625 0.115208 0.039094 0.059222
0 0.460742 0.116382 0.046609 0.055653
0 0.424215 0.068972 0.042836 0.053778
0 0.358949 0.039035 0.036039 0.050819
0 0.391074 0.035708 0.034336 0.044167
0 0.302008 0.063201 0.048609 0.048403
0 0.289430 0.045375 0.045891 0.050222
0 0.283992 0.032083 0.044531 0.042972
