0 0.062266 0.312007 0.025375 0.047736
0 0.244531 0.145139 0.028125 0.031944
0 0.371094 0.167361 0.042188 0.034722
1 0.984766 0.481250 0.030469 0.154167
0 0.360156 0.202083 0.045312 0.048611
0 0.992188 0.694444 0.015625 0.102778
1 0.193750 0.213889 0.048438 0.083333
0 0.952891 0.196153 0.027484 0.053889
1 0.098918 0.291958 0.054977 0.107889
0 0.125707 0.223667 0.022555 0.028944
0 0.159895 0.188014 0.021852 0.030083
0 0.125316 0.173542 0.019102 0.026444
0 0.112664 0.162319 0.014797 0.023806
0 0.547266 0.211806 0.064844 0.056944
0 0.055922 0.307618 0.029609 0.054014
0 0.055922 0.291333 0.043703 0.079083
0 0.703125 0.464583 0.101562 0.112500
0 0.587891 0.500694 0.100781 0.118056
0 0.472266 0.341667 0.075781 0.075000
0 0.617578 0.293750 0.080469 0.065278
0 0.363281 0.352083 0.064062 0.073611
0 0.939844 0.428472 0.084375 0.090278
0 0.325391 0.265278 0.047656 0.050000
0 0.246875 0.287500 0.039062 0.050000
1 0.933984 0.334722 0.130469 0.155556
