0 0.107422 0.936806 0.117969 0.123611
0 0.655078 0.306944 0.064844 0.100000
0 0.698047 0.700694 0.096094 0.109722
0 0.578906 0.538194 0.053125 0.168056
0 0.071484 0.830556 0.099219 0.147222
0 0.226562 0.178472 0.054688 0.079167
0 0.733594 0.220139 0.053125 0.087500
0 0.715625 0.173611 0.048438 0.075000
0 0.673438 0.143750 0.048438 0.062500
0 0.721875 0.108333 0.045312 0.050000
0 0.791406 0.111806 0.040625 0.059722
0 0.753125 0.145139 0.043750 0.065278
0 0.755078 0.085417 0.042969 0.054167
0 0.194781 0.107125 0.038062 0.059028
0 0.158484 0.072722 0.030312 0.052639
1 0.826363 0.080181 0.046523 0.070306
0 0.864426 0.100229 0.028195 0.047736
