0 0.521551 0.125569 0.034258 0.029778
0 0.772500 0.027083 0.035625 0.029167
0 0.787332 0.021875 0.027492 0.023056
0 0.796930 0.010597 0.027953 0.021194
0 0.515484 0.188167 0.051250 0.039806
0 0.560527 0.164882 0.040461 0.037458
0 0.575363 0.150500 0.044242 0.029778
0 0.482812 0.150000 0.037500 0.030556
0 0.442969 0.154861 0.037500 0.029167
0 0.391273 0.212597 0.040734 0.040806
0 0.502398 0.136590 0.039109 0.036486
0 0.537332 0.110931 0.037758 0.031194
0 0.554434 0.095194 0.039023 0.033889
0 0.566297 0.081319 0.031219 0.030556
0 0.577922 0.075903 0.030125 0.025278
0 0.458430 0.140167 0.033094 0.029972
0 0.475289 0.118931 0.033406 0.028028
0 0.496516 0.108111 0.031531 0.020250
0 0.511895 0.096875 0.032305 0.023861
0 0.528828 0.083417 0.032781 0.026917
0 0.544598 0.072729 0.025914 0.019431
0 0.333266 0.182625 0.029672 0.030417
0 0.362711 0.159451 0.031469 0.028014
0 0.380469 0.144264 0.026969 0.025611
0 0.416770 0.116486 0.029898 0.023611
0 0.437539 0.098986 0.029984 0.025528
0 0.458691 0.091208 0.026398 0.023306
0 0.471496 0.076778 0.026695 0.024417
0 0.485691 0.066236 0.021398 0.022194
0 0.494594 0.057500 0.028266 0.022472
0 0.521441 0.051542 0.026086 0.020833
0 0.445516 0.200611 0.048016 0.040806
0 0.584289 0.133493 0.043969 0.033097
0 0.607352 0.103500 0.036141 0.031694
0 0.404543 0.145917 0.033711 0.036361
0 0.399035 0.127139 0.031242 0.021167
0 0.793926 0.052007 0.024008 0.030264
0 0.769922 0.040972 0.034797 0.024500
0 0.162891 0.947847 0.055469 0.104306
0 0.224391 0.887528 0.045641 0.150333
0 0.293414 0.787854 0.057328 0.143347
0 0.986414 0.723021 0.027172 0.099819
0 0.674641 0.718729 0.118844 0.159958
0 0.607930 0.553896 0.098813 0.107792
0 0.346066 0.425333 0.060523 0.073083
0 0.252848 0.363479 0.043055 0.048347
0 0.177594 0.339306 0.029781 0.042583
0 0.127934 0.312847 0.020602 0.030972
0 0.159965 0.272778 0.020977 0.028667
0 0.146477 0.269944 0.016484 0.026333
0 0.133461 0.265951 0.015547 0.025014
0 0.112012 0.258458 0.016852 0.024667
0 0.082508 0.277271 0.013672 0.025681
