0 0.434445 0.815194 0.131109 0.201778
0 0.505641 0.751299 0.118422 0.184208
1 0.201445 0.525667 0.130469 0.314667
0 0.114039 0.276917 0.041656 0.092861
0 0.489426 0.213007 0.064852 0.055264
0 0.434445 0.186069 0.066266 0.059028
0 0.515156 0.180493 0.061328 0.050125
0 0.565906 0.201729 0.057094 0.055264
0 0.582789 0.180493 0.051531 0.042597
0 0.638863 0.176042 0.049336 0.038972
0 0.735785 0.276979 0.058508 0.060153
0 0.698777 0.183569 0.047930 0.038972
0 0.758695 0.182312 0.043703 0.041486
0 0.761160 0.269465 0.034539 0.052625
