0 0.133773 0.161632 0.041656 0.052764
0 0.099941 0.185444 0.037430 0.057778
0 0.142270 0.107813 0.033133 0.042597
0 0.183859 0.125292 0.044406 0.052750
0 0.080594 0.124104 0.025375 0.040097
0 0.116543 0.095910 0.026789 0.036347
0 0.083062 0.092146 0.024672 0.026319
0 0.063676 0.086507 0.023961 0.035097
0 0.045348 0.086444 0.015508 0.025194
0 0.172227 0.023785 0.022562 0.032708
0 0.109492 0.127861 0.033828 0.045111
2 0.430914 0.355264 0.162141 0.221972
0 0.675516 0.310757 0.088812 0.107903
0 0.920113 0.155993 0.029602 0.051514
0 0.825305 0.077042 0.033125 0.051500
0 0.883461 0.014389 0.023969 0.026444
0 0.664574 0.110875 0.069758 0.061528
0 0.495770 0.118403 0.078945 0.059028
0 0.443961 0.067646 0.031719 0.055264
0 0.327266 0.116521 0.066328 0.057764
0 0.291695 0.180431 0.065578 0.070306
0 0.379816 0.050104 0.044414 0.040236
0 0.343160 0.043840 0.041586 0.045236
0 0.313203 0.035063 0.050750 0.042736
0 0.285359 0.030056 0.031719 0.040222
0 0.272324 0.023792 0.033836 0.040222
0 0.242719 0.021285 0.038063 0.035208
