0 0.789453 0.767361 0.139844 0.145833
0 0.125000 0.911111 0.071875 0.088889
0 0.615625 0.529861 0.110937 0.087500
0 0.325000 0.777778 0.128125 0.136111
0 0.324219 0.604861 0.110937 0.120833
0 0.130992 0.212382 0.017625 0.031458
1 0.116895 0.189208 0.033133 0.050250
0 0.065402 0.312076 0.031789 0.050125
0 0.054156 0.314514 0.024672 0.047750
0 0.056273 0.293215 0.048641 0.075319
0 0.041125 0.287576 0.028188 0.046486
0 0.041824 0.272597 0.032430 0.046361
0 0.038297 0.265708 0.029609 0.042611
0 0.047074 0.238132 0.019102 0.015042
0 0.060148 0.175486 0.012687 0.022556
0 0.053805 0.217465 0.025375 0.028819
0 0.139449 0.178611 0.014805 0.031333
0 0.942969 0.492153 0.090625 0.093472
0 0.229687 0.220833 0.042188 0.052778
0 0.338672 0.156250 0.035156 0.034722
0 0.200000 0.238889 0.031250 0.041667
0 0.976172 0.641667 0.047656 0.102778
0 0.971336 0.448667 0.057328 0.080194
0 0.951480 0.199292 0.028898 0.057639
0 0.987430 0.218090 0.023266 0.047625
0 0.833727 0.114639 0.052937 0.051500
0 0.164828 0.244340 0.024672 0.032708
0 0.203945 0.210562 0.025375 0.037597
0 0.179277 0.198667 0.023961 0.033833
0 0.152461 0.218083 0.029609 0.042611
0 0.156016 0.188014 0.022562 0.030083
