0 0.055566 0.310750 0.027492 0.050250
0 0.147523 0.798285 0.097344 0.140347
0 0.968867 0.453049 0.062266 0.083958
0 0.953242 0.195528 0.023969 0.057639
0 0.986371 0.216208 0.021148 0.056389
0 0.850996 0.108375 0.049414 0.046500
0 0.864391 0.093965 0.048000 0.047736
0 0.187699 0.246222 0.039539 0.064028
0 0.221922 0.231181 0.030312 0.041472
0 0.196898 0.211194 0.025375 0.036333
1 0.161652 0.218715 0.040883 0.071431
0 0.122887 0.236257 0.022555 0.041347
0 0.065062 0.312076 0.032469 0.050125
0 0.055215 0.293840 0.045117 0.079069
0 0.039711 0.292590 0.023969 0.043986
0 0.039004 0.281931 0.026789 0.040222
0 0.037594 0.266271 0.032422 0.041486
