0 0.445708 0.379023 0.023969 0.028954
0 0.575760 0.408532 0.051458 0.032583
0 0.464740 0.383412 0.025375 0.030194
0 0.370638 0.366491 0.021849 0.026444
0 0.357245 0.374014 0.031719 0.031454
0 0.324820 0.388421 0.026078 0.027694
0 0.312484 0.400958 0.032427 0.035213
0 0.256797 0.426079 0.029604 0.027565
0 0.267018 0.486171 0.069786 0.042731
0 0.436193 0.369000 0.026083 0.028944
0 0.341034 0.384037 0.028901 0.031444
0 0.373104 0.358991 0.023969 0.023907
0 0.487297 0.390931 0.033833 0.032713
2 0.274068 0.448009 0.083885 0.056389
0 0.245521 0.495005 0.057802 0.047620
0 0.441125 0.446694 0.055687 0.041481
0 0.226841 0.437361 0.020443 0.037593
0 0.593737 0.496194 0.035245 0.055259
0 0.274773 0.415991 0.031724 0.040222
0 0.296273 0.409102 0.026786 0.033963
