0 0.663875 0.447326 0.102281 0.107764
0 0.734715 0.337681 0.087477 0.078944
0 0.946219 0.645951 0.100094 0.141597
0 0.975223 0.505597 0.049555 0.083972
1 0.504215 0.440438 0.149508 0.194236
0 0.392844 0.299451 0.060687 0.072681
0 0.394605 0.211736 0.048711 0.045111
0 0.953266 0.194194 0.026781 0.055139
0 0.273016 0.241813 0.045187 0.062653
0 0.308262 0.182917 0.038133 0.047611
0 0.252574 0.172264 0.029680 0.031333
0 0.202523 0.204847 0.033906 0.046361
2 0.190543 0.140937 0.031086 0.051375
0 0.067223 0.311986 0.032430 0.047611
0 0.059117 0.305722 0.033125 0.050139
1 0.054887 0.291944 0.044414 0.077694
0 0.041492 0.280660 0.026078 0.042597
0 0.040789 0.270007 0.035953 0.041347
