0 0.424898 0.443593 0.023266 0.045111
0 0.529927 0.360889 0.011979 0.020056
0 0.549310 0.360889 0.011276 0.020056
0 0.594776 0.357755 0.011979 0.028824
0 0.454427 0.533796 0.050521 0.047222
0 0.517188 0.612083 0.028125 0.061204
0 0.461458 0.780833 0.094792 0.083889
0 0.512656 0.561389 0.021146 0.060148
0 0.529573 0.467403 0.016917 0.035083
0 0.526755 0.439838 0.015510 0.027565
0 0.413966 0.474921 0.021161 0.032583
0 0.448437 0.843981 0.081250 0.080556
0 0.624479 0.762963 0.039583 0.090741
0 0.692448 0.839352 0.081771 0.089815
0 0.456771 0.612500 0.057292 0.050926
0 0.481250 0.736944 0.075000 0.070185
