0 0.377318 0.523171 0.036656 0.043861
0 0.586318 0.463644 0.017625 0.040102
0 0.526404 0.441088 0.016214 0.027565
0 0.433357 0.481190 0.017620 0.035083
0 0.594422 0.358380 0.012688 0.030074
0 0.572221 0.361514 0.011984 0.021306
0 0.569753 0.402870 0.012693 0.023815
0 0.690885 0.841204 0.080729 0.087963
0 0.516896 0.616519 0.025354 0.057667
1 0.513362 0.548861 0.029609 0.082704
0 0.424898 0.442972 0.021849 0.041352
0 0.530279 0.360264 0.011276 0.021306
0 0.413620 0.476181 0.021854 0.040102
0 0.549310 0.360889 0.011276 0.022556
0 0.450781 0.844907 0.079687 0.078704
0 0.456510 0.612037 0.057813 0.051852
0 0.446615 0.668194 0.047396 0.057870
0 0.454427 0.533333 0.050521 0.046296
0 0.460938 0.781806 0.094792 0.083796
0 0.483646 0.736019 0.074375 0.066481
