0 0.199328 0.252549 0.033203 0.051375
0 0.577187 0.107743 0.043000 0.045236
0 0.953246 0.199854 0.028195 0.054014
0 0.952535 0.493778 0.084586 0.100250
0 0.773496 0.466771 0.108555 0.109153
0 0.040766 0.246910 0.033125 0.040097
0 0.036184 0.265639 0.029602 0.040222
0 0.039004 0.280056 0.029602 0.046500
0 0.091164 0.154118 0.014094 0.022681
0 0.045348 0.157243 0.011273 0.021431
0 0.665652 0.038889 0.039477 0.040111
1 0.108047 0.202354 0.038141 0.056514
0 0.052395 0.314521 0.022555 0.045236
1 0.056980 0.293215 0.045820 0.077819
0 0.066105 0.310188 0.033195 0.048875
0 0.277961 0.159132 0.029609 0.032708
