0 0.201172 0.345833 0.047656 0.047222
0 0.133203 0.368750 0.050781 0.048611
2 0.755191 0.282542 0.023961 0.033833
2 0.617383 0.278132 0.047266 0.047653
0 0.008945 0.419132 0.017891 0.041347
0 0.467602 0.296319 0.038063 0.033833
0 0.414027 0.306354 0.040883 0.038847
0 0.359750 0.312618 0.045109 0.036347
0 0.531039 0.293819 0.035250 0.036333
0 0.573684 0.290681 0.033133 0.032583
0 0.550422 0.698583 0.031719 0.099000
0 0.491883 0.036931 0.017687 0.021306
0 0.546863 0.094556 0.019102 0.023833
0 0.581441 0.171639 0.021852 0.022556
0 0.609953 0.165993 0.022625 0.028819
