0 0.863977 0.244160 0.050703 0.073014
0 0.791031 0.131833 0.036828 0.039833
0 0.769648 0.108917 0.037109 0.039333
0 0.715539 0.193771 0.046172 0.048903
0 0.691180 0.166576 0.050141 0.042847
0 0.925164 0.305097 0.047875 0.061944
0 0.740469 0.082729 0.034281 0.035292
0 0.717379 0.066611 0.033430 0.038333
0 0.699395 0.047222 0.038242 0.043861
0 0.665543 0.138882 0.044758 0.037819
0 0.644012 0.113194 0.047023 0.043861
0 0.602512 0.093299 0.042773 0.037319
0 0.584664 0.071646 0.052406 0.045375
0 0.574891 0.053014 0.043063 0.034306
0 0.544438 0.037403 0.039938 0.033278
0 0.528434 0.020979 0.058352 0.041958
0 0.655770 0.012674 0.038242 0.025347
