0 0.441480 0.097701 0.025445 0.025069
0 0.456637 0.088306 0.023336 0.023806
0 0.474258 0.076396 0.021922 0.027569
0 0.486242 0.067000 0.028969 0.023806
0 0.496465 0.058229 0.024039 0.021292
0 0.521133 0.050708 0.029672 0.023806
0 0.472305 0.162153 0.040141 0.033194
0 0.442199 0.154778 0.036711 0.028722
0 0.461781 0.134764 0.029859 0.023500
0 0.477438 0.118667 0.029875 0.024361
0 0.493352 0.107354 0.034266 0.024375
0 0.509750 0.093861 0.034750 0.026972
0 0.528840 0.082549 0.034758 0.020014
0 0.541816 0.072104 0.027414 0.014792
0 0.483316 0.148208 0.037695 0.026194
0 0.502406 0.138201 0.041609 0.032292
0 0.519297 0.125146 0.038187 0.030542
0 0.536672 0.110354 0.038672 0.028792
0 0.556500 0.095563 0.034266 0.032292
0 0.572164 0.087292 0.030344 0.029667
0 0.577547 0.075111 0.032313 0.026194
0 0.062957 0.285042 0.011352 0.023806
0 0.166258 0.946097 0.050047 0.107806
0 0.668137 0.712361 0.120539 0.134083
0 0.962184 0.649708 0.075633 0.106528
0 0.746383 0.467375 0.093750 0.077694
0 0.505309 0.533167 0.090930 0.099000
0 0.532449 0.484917 0.080352 0.077694
0 0.561348 0.429160 0.076133 0.061403
0 0.622656 0.232417 0.047969 0.056389
1 0.680121 0.165368 0.048633 0.082708
0 0.655098 0.167882 0.028195 0.050125
0 0.611395 0.202340 0.040883 0.058903
0 0.262793 0.439181 0.048711 0.073944
0 0.312523 0.389681 0.053578 0.055139
0 0.366801 0.404715 0.057805 0.062653
0 0.418926 0.382167 0.056461 0.057639
0 0.270902 0.324521 0.038133 0.037597
0 0.231426 0.385924 0.039539 0.052625
0 0.173273 0.348326 0.033203 0.052625
0 0.116176 0.311361 0.017695 0.028833
0 0.085164 0.293187 0.014875 0.025069
0 0.069305 0.263743 0.009937 0.018792
0 0.082695 0.249326 0.008531 0.017542
0 0.187020 0.281285 0.026852 0.036347
0 0.168375 0.279403 0.020437 0.032583
0 0.154277 0.271257 0.021852 0.028819
0 0.131688 0.291313 0.021922 0.028819
0 0.098203 0.275021 0.015578 0.026319
0 0.121500 0.259979 0.016922 0.026319
0 0.142293 0.267500 0.014805 0.023806
0 0.108105 0.257472 0.011273 0.021306
1 0.280098 0.268757 0.059211 0.071431
0 0.390379 0.211736 0.043070 0.040111
0 0.461926 0.204840 0.055055 0.038847
0 0.530648 0.178528 0.034609 0.033833
0 0.563078 0.167222 0.040250 0.033889
0 0.587746 0.132167 0.043070 0.033833
0 0.564836 0.149708 0.045187 0.031333
0 0.774895 0.036299 0.036727 0.030069
0 0.785113 0.023146 0.036023 0.026319
0 0.798508 0.013764 0.038844 0.027528
0 0.333637 0.184167 0.031086 0.030083
0 0.363941 0.160986 0.031086 0.026306
0 0.384031 0.144069 0.034609 0.030083
0 0.402012 0.130278 0.025445 0.022556
0 0.422805 0.110861 0.036016 0.031333
