0 0.703383 0.298833 0.037359 0.068917
0 0.348473 0.766875 0.095867 0.152889
0 0.514121 0.568257 0.087398 0.126569
0 0.543375 0.535042 0.079656 0.112778
0 0.574039 0.482396 0.081766 0.122847
2 0.833789 0.148451 0.055688 0.063903
2 0.840133 0.103972 0.044406 0.055139
0 0.715367 0.669132 0.044406 0.120292
0 0.190223 0.929153 0.102211 0.141611
0 0.025859 0.462361 0.051719 0.100250
0 0.304066 0.817625 0.097273 0.166667
0 0.392527 0.712368 0.096570 0.151625
0 0.443633 0.664715 0.088813 0.139153
0 0.603254 0.454847 0.075492 0.092722
0 0.632156 0.429785 0.064219 0.085208
0 0.839426 0.803215 0.066961 0.152875
0 0.890883 0.939201 0.062734 0.121597
0 0.804887 0.956118 0.066961 0.087764
0 0.748145 0.384042 0.046523 0.081444
0 0.475004 0.611500 0.086711 0.122833
0 0.251547 0.887785 0.107844 0.171653
0 0.523992 0.317000 0.049344 0.070167
0 0.592363 0.248076 0.053570 0.065153
0 0.682941 0.219257 0.034539 0.045125
0 0.637797 0.139056 0.047297 0.057639
0 0.586371 0.045694 0.023258 0.041361
