0 0.176953 0.181250 0.052344 0.068056
0 0.899609 0.090972 0.033594 0.054167
0 0.421094 0.060417 0.037500 0.048611
0 0.778516 0.117361 0.049219 0.059722
0 0.818750 0.088889 0.043750 0.052778
0 0.764453 0.072222 0.041406 0.052778
0 0.362109 0.046528 0.035156 0.045833
0 0.845703 0.067361 0.032031 0.045833
0 0.387891 0.051389 0.042969 0.050000
0 0.339453 0.039583 0.039844 0.048611
0 0.290625 0.034722 0.028125 0.038889
0 0.872266 0.049306 0.025781 0.040278
0 0.794141 0.050000 0.036719 0.044444
0 0.318750 0.031944 0.040625 0.044444
0 0.277633 0.023792 0.043000 0.047583
0 0.193363 0.027528 0.032492 0.032583
0 0.244504 0.018778 0.028898 0.037556
0 0.260004 0.023139 0.030320 0.043861
0 0.166613 0.026903 0.026789 0.033833
0 0.124285 0.028785 0.024039 0.027569
0 0.017848 0.095201 0.019805 0.027569
0 0.074977 0.029403 0.011281 0.023806
0 0.088371 0.025646 0.015508 0.023819
0 0.103879 0.028153 0.016914 0.031333
0 0.931063 0.014389 0.035953 0.028778
