0 0.416807 0.446694 0.054979 0.041481
0 0.331164 0.501833 0.041589 0.081574
0 0.357596 0.630903 0.064849 0.174306
0 0.430883 0.370579 0.025943 0.030454
0 0.445320 0.377542 0.025453 0.030454
0 0.463435 0.381894 0.023495 0.030454
0 0.239242 0.458037 0.026432 0.033074
0 0.606773 0.523134 0.050047 0.069046
0 0.234521 0.437356 0.037208 0.031954
0 0.489362 0.386667 0.034089 0.037963
0 0.249414 0.497583 0.048672 0.049981
0 0.280336 0.483093 0.049224 0.042519
0 0.256393 0.427079 0.030755 0.042509
0 0.275125 0.419042 0.028198 0.035861
0 0.290151 0.406968 0.031260 0.038287
0 0.309932 0.396944 0.033469 0.038704
0 0.329951 0.391056 0.022911 0.031778
0 0.339378 0.381657 0.033224 0.037241
0 0.355146 0.372366 0.025646 0.035639
0 0.370068 0.366296 0.022156 0.028519
0 0.372133 0.355481 0.031776 0.032370
