0 0.774527 0.041188 0.034227 0.028708
0 0.782883 0.038687 0.033172 0.024542
0 0.790691 0.029215 0.031352 0.019431
0 0.803613 0.020306 0.028867 0.028000
0 0.398004 0.211319 0.043992 0.038889
0 0.333672 0.181944 0.031406 0.030556
0 0.369750 0.157417 0.031000 0.028167
0 0.382812 0.142674 0.034359 0.027958
0 0.399508 0.131542 0.031328 0.024472
0 0.446160 0.094812 0.030086 0.025736
0 0.465621 0.084201 0.027320 0.021986
0 0.484031 0.071826 0.024328 0.020847
0 0.493461 0.059806 0.031484 0.027306
0 0.562004 0.164632 0.041977 0.033958
0 0.588520 0.136160 0.039898 0.031625
0 0.481281 0.152312 0.040453 0.037292
0 0.506473 0.137160 0.037273 0.034292
0 0.522863 0.118847 0.042711 0.036972
0 0.542250 0.108861 0.035406 0.028306
0 0.558359 0.092847 0.036906 0.029028
0 0.575594 0.078722 0.031656 0.030639
0 0.443164 0.153972 0.035031 0.028639
0 0.462172 0.132667 0.031469 0.025972
0 0.495609 0.109687 0.029406 0.022653
0 0.135813 0.262764 0.018906 0.025972
1 0.244680 0.261438 0.049469 0.057597
0 0.295852 0.396479 0.049719 0.056625
0 0.137945 0.949597 0.037797 0.081194
0 0.622285 0.411639 0.061992 0.077833
0 0.815719 0.511958 0.107672 0.114417
0 0.688516 0.208611 0.056641 0.055194
0 0.757746 0.047778 0.035523 0.032167
0 0.613805 0.100611 0.033531 0.034000
0 0.573723 0.145750 0.054508 0.037639
0 0.520523 0.048993 0.025656 0.022014
0 0.431270 0.107958 0.027727 0.023972
0 0.414422 0.118097 0.030375 0.027000
0 0.188719 0.920063 0.046156 0.152069
