0 0.770052 0.450926 0.081771 0.118519
0 0.856510 0.828704 0.165104 0.300000
0 0.614583 0.560185 0.159375 0.174074
0 0.420052 0.673611 0.250521 0.306481
0 0.148177 0.853704 0.260937 0.283333
0 0.833594 0.389352 0.066146 0.086111
0 0.932031 0.590278 0.108854 0.226852
0 0.755469 0.961111 0.144271 0.074074
0 0.608073 0.251852 0.079687 0.053704
0 0.702422 0.289815 0.087135 0.064815
0 0.758177 0.254167 0.053854 0.052778
0 0.722714 0.270667 0.073312 0.060148
0 0.681477 0.224301 0.050047 0.055139
0 0.643414 0.211144 0.051453 0.051380
0 0.606406 0.202991 0.053573 0.045111
0 0.919023 0.318912 0.037359 0.058898
0 0.940878 0.299486 0.033130 0.052639
0 0.931362 0.273796 0.035245 0.038852
0 0.946867 0.268157 0.045109 0.057648
0 0.962375 0.266907 0.036656 0.045111
0 0.975417 0.253120 0.034542 0.035093
0 0.982112 0.248736 0.035245 0.036343
