0 0.410938 0.302083 0.045312 0.043056
2 0.754297 0.278472 0.030469 0.040278
0 0.583984 0.169444 0.024219 0.030556
0 0.608594 0.164583 0.023438 0.029167
2 0.028906 0.388194 0.048438 0.090278
0 0.551562 0.099306 0.021875 0.023611
0 0.549719 0.700458 0.028906 0.102750
0 0.640262 0.216118 0.024039 0.028819
0 0.590602 0.709861 0.028906 0.091472
0 0.501039 0.043194 0.016297 0.021389
0 0.442969 0.445833 0.051562 0.050000
0 0.408984 0.354167 0.046094 0.041667
0 0.505078 0.293056 0.038281 0.038889
0 0.550391 0.287500 0.038281 0.038889
0 0.062500 0.574306 0.051562 0.056944
0 0.651953 0.281944 0.025781 0.027778
0 0.378516 0.468056 0.057031 0.055556
0 0.141797 0.544444 0.053906 0.058333
0 0.507031 0.423611 0.059375 0.061111
