0 0.005758 0.012549 0.011516 0.025097
0 0.797832 0.386007 0.062773 0.080208
0 0.590223 0.204243 0.053570 0.080319
0 0.557098 0.110257 0.059211 0.065292
0 0.899668 0.204243 0.021148 0.055264
0 0.868305 0.184819 0.026078 0.051500
0 0.838699 0.145340 0.030305 0.062792
0 0.805570 0.123417 0.026078 0.049000
0 0.778078 0.098347 0.028906 0.051500
0 0.748824 0.080167 0.028195 0.050222
0 0.716398 0.062639 0.029609 0.047750
0 0.684680 0.054486 0.023969 0.049000
0 0.635688 0.024417 0.050047 0.041472
0 0.587758 0.008167 0.035953 0.016333
0 0.539086 0.077736 0.048703 0.055139
0 0.517621 0.060194 0.047930 0.052639
0 0.490094 0.031368 0.048000 0.050125
0 0.460527 0.022576 0.046523 0.045153
0 0.419641 0.014431 0.042281 0.028861
0 0.389332 0.008167 0.028195 0.016333
0 0.217695 0.077736 0.037359 0.052639
0 0.258223 0.122222 0.040883 0.048861
0 0.166590 0.059562 0.033836 0.038847
0 0.141918 0.040771 0.028195 0.038847
0 0.109105 0.020069 0.033195 0.040139
0 0.086230 0.011924 0.022555 0.023847
0 0.067551 0.005660 0.017617 0.011319
