0 0.311719 0.034028 0.048438 0.045833
0 0.172266 0.609028 0.150781 0.206944
0 0.486719 0.110417 0.084375 0.062500
0 0.449609 0.067361 0.041406 0.051389
0 0.343750 0.043750 0.046875 0.056944
0 0.377344 0.048611 0.040625 0.047222
0 0.776172 0.065278 0.046094 0.050000
2 0.128875 0.182931 0.069781 0.095361
0 0.273027 0.022535 0.035242 0.040236
0 0.285715 0.030056 0.033836 0.042722
1 0.919141 0.079167 0.047656 0.061111
0 0.243633 0.023611 0.031797 0.047222
0 0.989844 0.928472 0.020313 0.112500
0 0.842578 0.063194 0.033594 0.045833
0 0.910547 0.169444 0.039844 0.069444
0 0.854688 0.164583 0.034375 0.068056
0 0.807422 0.086806 0.044531 0.059722
0 0.909766 0.312500 0.083594 0.108333
0 0.149609 0.025694 0.027344 0.029167
0 0.044531 0.058333 0.018750 0.030556
0 0.887652 0.034479 0.025445 0.046319
0 0.828121 0.030743 0.021852 0.033847
0 0.805180 0.042021 0.033906 0.041347
0 0.085527 0.030056 0.016914 0.025194
0 0.102797 0.027549 0.020437 0.022681
0 0.200000 0.022222 0.032813 0.041667
0 0.866406 0.047917 0.028125 0.040278
