2 0.708203 0.059722 0.017969 0.041667
0 0.470195 0.710903 0.071641 0.096806
0 0.442578 0.756597 0.072656 0.093750
0 0.367812 0.845139 0.059063 0.095833
0 0.615480 0.525826 0.064352 0.061931
0 0.412227 0.813056 0.063516 0.103889
0 0.509375 0.681250 0.064062 0.084722
0 0.555859 0.593056 0.075781 0.083333
0 0.588672 0.560417 0.072656 0.084722
0 0.539531 0.637431 0.072500 0.089028
0 0.640781 0.490694 0.070625 0.071389
0 0.708203 0.060417 0.017969 0.040278
0 0.654371 0.452361 0.057805 0.065278
0 0.208180 0.704868 0.056391 0.076569
0 0.665648 0.204236 0.036656 0.040222
0 0.747062 0.108375 0.023266 0.031444
