0 0.635417 0.213889 0.054167 0.044444
0 0.970313 0.262500 0.041667 0.039815
0 0.705990 0.228241 0.047396 0.045370
0 0.944010 0.268981 0.049479 0.041667
0 0.050781 0.931481 0.100521 0.131481
0 0.913542 0.325463 0.040625 0.062037
0 0.721615 0.286111 0.086979 0.081481
0 0.982031 0.380556 0.034896 0.066667
0 0.949219 0.608796 0.091146 0.162037
0 0.683854 0.496759 0.129167 0.145370
0 0.811979 0.850000 0.177083 0.294444
0 0.294010 0.813426 0.258854 0.291667
0 0.550521 0.596296 0.160417 0.187037
0 0.525346 0.176051 0.018328 0.036343
0 0.560940 0.235574 0.066964 0.052630
0 0.600768 0.204245 0.038068 0.040102
0 0.985417 0.241218 0.029167 0.028824
