0 0.528891 0.295090 0.039547 0.036292
0 0.645937 0.286299 0.025375 0.026319
0 0.491176 0.034417 0.017695 0.023806
0 0.507391 0.050708 0.017687 0.026306
0 0.523953 0.070757 0.016984 0.026319
0 0.543691 0.090181 0.019805 0.025056
0 0.559199 0.145319 0.024039 0.022556
0 0.611043 0.167250 0.023258 0.031333
0 0.584574 0.173514 0.024039 0.023806
0 0.550773 0.700458 0.031016 0.102750
0 0.610336 0.397181 0.055687 0.057694
0 0.444305 0.449208 0.046594 0.053889
1 0.464742 0.324514 0.091703 0.077694
0 0.598672 0.286299 0.025453 0.028819
0 0.158473 0.540687 0.061398 0.063903
