0 0.055729 0.817130 0.036458 0.065741
0 0.126562 0.943519 0.052083 0.087037
0 0.019010 0.642639 0.035937 0.048056
0 0.026042 0.756481 0.038542 0.074074
0 0.888021 0.753704 0.058333 0.059259
0 0.937352 0.607130 0.020443 0.058889
0 0.984711 0.808884 0.030578 0.048880
0 0.965547 0.613394 0.017625 0.053880
0 0.490805 0.524421 0.040880 0.036343
0 0.725885 0.537583 0.027490 0.037593
0 0.792497 0.560139 0.025380 0.050130
0 0.819987 0.572042 0.019734 0.041361
0 0.849591 0.577681 0.022557 0.050120
0 0.879549 0.592722 0.017620 0.045111
0 0.909510 0.596481 0.021146 0.052630
