0 0.583320 0.642569 0.066641 0.062083
0 0.630074 0.184167 0.016211 0.020056
0 0.590250 0.209229 0.019734 0.025069
0 0.649109 0.206722 0.017625 0.020056
0 0.551125 0.271889 0.019031 0.030083
0 0.593773 0.228653 0.018328 0.023806
0 0.575797 0.274396 0.019031 0.025069
0 0.528922 0.299458 0.025375 0.030083
0 0.524695 0.325771 0.026781 0.027569
2 0.435492 0.509361 0.054344 0.066417
0 0.468973 0.481160 0.040961 0.037597
0 0.499988 0.444194 0.040961 0.036333
0 0.525762 0.407201 0.038789 0.032542
0 0.540906 0.390306 0.038063 0.031333
0 0.552887 0.369632 0.033836 0.027569
0 0.562406 0.355854 0.033125 0.027569
2 0.584223 0.335799 0.044477 0.047625
0 0.686430 0.313243 0.021922 0.037597
0 0.663168 0.332660 0.036023 0.028819
0 0.654711 0.352715 0.036016 0.028819
0 0.645195 0.372139 0.038141 0.030083
0 0.765062 0.332667 0.018328 0.036333
0 0.787590 0.332035 0.018414 0.030069
0 0.752727 0.363993 0.037359 0.028819
0 0.730523 0.394069 0.038062 0.031333
0 0.708281 0.422264 0.040250 0.032583
0 0.700176 0.440438 0.046586 0.041347
0 0.691012 0.459861 0.045180 0.035083
0 0.680086 0.483667 0.047297 0.040111
0 0.863746 0.400333 0.022555 0.063917
0 0.854582 0.438549 0.038070 0.027569
0 0.852820 0.459236 0.041594 0.033833
0 0.846477 0.478653 0.041594 0.035083
0 0.835902 0.496826 0.048633 0.038847
0 0.827797 0.520632 0.049344 0.038847
0 0.820043 0.549458 0.046523 0.046361
0 0.786207 0.639681 0.052164 0.046361
0 0.779863 0.674771 0.052164 0.051375
0 0.669863 0.508104 0.050820 0.051375
0 0.623344 0.580785 0.052234 0.038847
0 0.812500 0.575000 0.054688 0.052778
0 0.657813 0.523472 0.051562 0.052500
2 0.453906 0.308333 0.057813 0.080556
0 0.750781 0.444444 0.028125 0.050000
0 0.641250 0.549514 0.056562 0.057361
2 0.128516 0.904167 0.069531 0.130556
0 0.073047 0.722222 0.041406 0.072222
0 0.541797 0.703472 0.063281 0.070833
0 0.433203 0.843056 0.069531 0.075000
0 0.612187 0.610417 0.055625 0.062500
0 0.040820 0.799306 0.044141 0.070833
0 0.755078 0.731667 0.063281 0.068889
