0 0.200094 0.931660 0.090938 0.136597
0 0.824625 0.760611 0.064141 0.152889
0 0.486277 0.404722 0.064148 0.080194
0 0.585664 0.043819 0.024672 0.042611
0 0.713250 0.197326 0.031719 0.048875
0 0.703699 0.298208 0.036727 0.067667
0 0.754102 0.393437 0.045891 0.082708
0 0.804891 0.955493 0.062734 0.089014
0 0.721004 0.521889 0.035945 0.114028
2 0.833789 0.148451 0.055688 0.063903
0 0.256840 0.893437 0.109961 0.185458
0 0.348473 0.766875 0.095867 0.152889
0 0.514121 0.568257 0.087398 0.126569
0 0.543375 0.535042 0.079656 0.112778
0 0.574039 0.482396 0.081766 0.122847
2 0.840133 0.103972 0.044406 0.055139
0 0.715367 0.669132 0.044406 0.120292
