0 0.543750 0.537500 0.081250 0.119444
0 0.472266 0.623611 0.092969 0.127778
0 0.609145 0.448264 0.078117 0.117361
0 0.573828 0.503472 0.088281 0.101389
0 0.198047 0.943750 0.099219 0.109722
0 0.735156 0.768056 0.059375 0.125000
0 0.796484 0.932639 0.077344 0.131944
0 0.021484 0.645139 0.042969 0.137500
0 0.718891 0.526889 0.040172 0.116556
2 0.829910 0.162236 0.054977 0.068917
1 0.729074 0.059486 0.043773 0.056389
0 0.833785 0.122139 0.034539 0.033833
2 0.842602 0.110236 0.043703 0.045111
0 0.848238 0.073271 0.022555 0.028819
0 0.845418 0.036299 0.012695 0.020042
0 0.510938 0.570833 0.089063 0.136111
0 0.437500 0.683333 0.095312 0.133333
0 0.348828 0.770139 0.097656 0.151389
