0 0.825293 0.761236 0.064211 0.151639
0 0.586723 0.048826 0.022555 0.040097
0 0.703383 0.296924 0.037359 0.067736
0 0.571215 0.262486 0.053570 0.086472
0 0.011406 0.400958 0.022812 0.075194
0 0.039695 0.488049 0.052234 0.104014
0 0.631098 0.430410 0.070555 0.091486
0 0.802773 0.955493 0.064141 0.089014
0 0.574039 0.482396 0.081766 0.122847
2 0.833789 0.148451 0.055688 0.063903
0 0.305137 0.819514 0.098008 0.165417
2 0.840133 0.103972 0.044406 0.055139
0 0.715367 0.669132 0.044406 0.120292
0 0.348473 0.766875 0.095867 0.152889
0 0.474293 0.607729 0.085289 0.115292
0 0.514121 0.568257 0.087398 0.126569
0 0.543375 0.535042 0.079656 0.112778
