0 0.165148 0.223046 0.036651 0.045111
0 0.491927 0.578704 0.099479 0.105556
0 0.641406 0.546296 0.089063 0.101852
0 0.707552 0.743519 0.140104 0.125926
0 0.484635 0.693981 0.117188 0.137963
0 0.384375 0.406481 0.084375 0.088889
0 0.606510 0.443981 0.092188 0.117593
0 0.443490 0.465741 0.052604 0.107407
2 0.149740 0.513889 0.204687 0.248148
0 0.509115 0.431019 0.050521 0.087963
0 0.304427 0.748611 0.135937 0.143519
1 0.891146 0.322685 0.071875 0.119444
2 0.454948 0.298611 0.117188 0.128704
0 0.391406 0.518519 0.060937 0.085185
0 0.502083 0.335185 0.070833 0.074074
0 0.651302 0.386574 0.041146 0.076852
0 0.571094 0.331019 0.085938 0.108333
2 0.715625 0.198611 0.101042 0.095370
0 0.210599 0.252778 0.046510 0.053704
0 0.711458 0.260185 0.056250 0.061111
0 0.870313 0.167593 0.038542 0.042593
0 0.221354 0.167130 0.041667 0.047222
0 0.843229 0.147222 0.034375 0.038889
0 0.108333 0.218056 0.042708 0.065741
2 0.888542 0.113426 0.044792 0.067593
0 0.153164 0.947986 0.139568 0.104028
2 0.783333 0.375926 0.081771 0.112778
1 0.983302 0.266278 0.033396 0.093981
0 0.804128 0.208630 0.047224 0.048870
0 0.795669 0.171667 0.040182 0.042611
0 0.941229 0.097106 0.025375 0.031324
0 0.967661 0.083319 0.021854 0.028824
0 0.266654 0.193597 0.039474 0.043861
0 0.394589 0.151616 0.048635 0.035083
0 0.376612 0.144722 0.035245 0.031333
0 0.350885 0.140968 0.040177 0.036343
0 0.322690 0.134694 0.037359 0.033833
0 0.301190 0.124046 0.042297 0.030074
0 0.201802 0.069537 0.029604 0.023815
0 0.141180 0.137204 0.026786 0.033833
0 0.168672 0.277556 0.045115 0.051370
0 0.142591 0.251866 0.035245 0.047620
0 0.105583 0.174176 0.031719 0.037593
0 0.104526 0.125296 0.023969 0.030074
