0 0.884520 0.043903 0.021852 0.030083
0 0.895758 0.027604 0.020516 0.027569
0 0.882363 0.010674 0.019102 0.021347
0 0.419141 0.062500 0.042969 0.052778
0 0.169922 0.120833 0.044531 0.055556
0 0.013281 0.902083 0.026562 0.126389
0 0.110156 0.097917 0.034375 0.054167
0 0.563281 0.131250 0.090625 0.059722
0 0.401953 0.317361 0.108594 0.118056
0 0.455078 0.464583 0.135156 0.154167
0 0.179297 0.894444 0.192969 0.205556
0 0.503125 0.780556 0.226562 0.211111
0 0.687109 0.180556 0.078906 0.108333
0 0.865234 0.131250 0.038281 0.054167
0 0.143359 0.104861 0.028906 0.045833
0 0.245312 0.048611 0.039062 0.044444
0 0.742188 0.084028 0.046875 0.054167
0 0.341797 0.038889 0.044531 0.050000
0 0.904687 0.070833 0.028125 0.052778
0 0.782422 0.118750 0.052344 0.076389
0 0.073047 0.084722 0.030469 0.044444
0 0.792969 0.045833 0.040625 0.058333
0 0.861719 0.054861 0.031250 0.043056
0 0.826562 0.078472 0.035937 0.051389
0 0.321309 0.032563 0.045820 0.042736
0 0.292410 0.033812 0.027492 0.040236
0 0.276902 0.029493 0.030305 0.038847
0 0.242363 0.022535 0.030305 0.035208
0 0.826363 0.032618 0.028195 0.037597
0 0.861223 0.018208 0.024742 0.033833
