0 0.986137 0.968694 0.027727 0.062611
0 0.528750 0.021111 0.060156 0.042222
0 0.675086 0.023743 0.042156 0.042958
0 0.655199 0.012340 0.035695 0.024681
0 0.602508 0.091722 0.041812 0.037528
0 0.584324 0.068465 0.050305 0.044181
0 0.562059 0.053653 0.035008 0.035111
0 0.581063 0.431681 0.069078 0.104139
0 0.362863 0.147854 0.043070 0.055264
0 0.925277 0.305688 0.046227 0.060431
0 0.864754 0.246743 0.049664 0.068347
0 0.716047 0.192986 0.045891 0.047750
0 0.791687 0.130708 0.036031 0.042972
0 0.767703 0.109861 0.035719 0.039944
0 0.691391 0.165785 0.050344 0.047736
0 0.667762 0.131646 0.048648 0.053181
0 0.740016 0.082667 0.036031 0.035111
0 0.717410 0.066951 0.034336 0.037542
0 0.699563 0.046708 0.037391 0.041750
