0 0.380469 0.662963 0.128646 0.125926
0 0.521094 0.448148 0.091146 0.092593
0 0.684375 0.359722 0.060417 0.075000
0 0.110156 0.550463 0.091146 0.100926
0 0.677083 0.460185 0.095833 0.098148
0 0.878646 0.350000 0.040625 0.068519
0 0.391406 0.299074 0.064062 0.061111
0 0.470573 0.313426 0.077604 0.054630
2 0.673698 0.182407 0.064062 0.096296
2 0.303906 0.208796 0.089063 0.095370
2 0.590365 0.211111 0.108854 0.124074
0 0.767708 0.227778 0.050000 0.050000
1 0.601562 0.320370 0.094792 0.192593
0 0.216667 0.302315 0.046875 0.063889
0 0.126823 0.237500 0.035937 0.045370
0 0.482552 0.255093 0.069271 0.052778
1 0.342708 0.374537 0.098958 0.150926
0 0.372917 0.259259 0.065625 0.044444
1 0.746354 0.148611 0.085417 0.093519
0 0.312500 0.262500 0.057292 0.058333
1 0.976055 0.285199 0.045443 0.090454
0 0.732326 0.218569 0.046609 0.046954
0 0.771359 0.184389 0.043115 0.042111
0 0.808841 0.205444 0.044276 0.051093
0 0.841273 0.177134 0.040005 0.052472
0 0.878755 0.166088 0.033406 0.041435
0 0.901865 0.149537 0.033792 0.038704
0 0.932552 0.130870 0.029906 0.040056
0 0.957214 0.116023 0.025635 0.035213
0 0.975276 0.105319 0.021365 0.030380
0 0.994339 0.093583 0.011323 0.029000
0 0.817385 0.165394 0.034958 0.034528
0 0.802044 0.141921 0.033016 0.040046
0 0.838568 0.143648 0.027552 0.031074
0 0.846128 0.122241 0.033401 0.029685
0 0.877396 0.132944 0.031458 0.035907
0 0.903612 0.121894 0.024859 0.027620
0 0.875841 0.110500 0.025245 0.033833
0 0.897594 0.099801 0.020583 0.030380
2 0.947893 0.085986 0.081568 0.080102
0 0.389820 0.149620 0.050495 0.039426
0 0.350786 0.138569 0.040781 0.033898
0 0.243974 0.222116 0.037677 0.044972
0 0.259115 0.192120 0.034583 0.030389
0 0.236203 0.178620 0.037677 0.042185
0 0.325732 0.135810 0.030297 0.032528
0 0.309224 0.128560 0.031469 0.035972
0 0.289805 0.122000 0.033016 0.033907
0 0.348065 0.099556 0.023693 0.027685
0 0.163745 0.085403 0.023344 0.024231
0 0.200255 0.241111 0.039656 0.047019
0 0.201617 0.202787 0.039266 0.040815
0 0.180661 0.186218 0.031458 0.040806
0 0.153471 0.175514 0.031464 0.040120
0 0.080042 0.203134 0.031500 0.044269
0 0.091695 0.170681 0.027620 0.037361
0 0.133469 0.164106 0.027188 0.031176
0 0.108591 0.151000 0.026453 0.031148
0 0.058099 0.185181 0.024896 0.037361
0 0.036172 0.168264 0.022135 0.032528
0 0.091328 0.141676 0.021365 0.024926
0 0.096747 0.119255 0.022964 0.024269
0 0.075984 0.136153 0.020198 0.029065
