0 0.530990 0.625926 0.114062 0.122222
1 0.797656 0.419907 0.183854 0.250926
0 0.621354 0.468519 0.085417 0.092593
0 0.424740 0.620370 0.114062 0.109259
0 0.219792 0.513889 0.094792 0.103704
0 0.640365 0.219444 0.054688 0.055556
0 0.655208 0.296296 0.066667 0.068519
1 0.474740 0.420370 0.090104 0.190741
0 0.546354 0.293519 0.071875 0.075926
0 0.608854 0.389815 0.042708 0.079630
0 0.936198 0.070833 0.028646 0.034259
0 0.196094 0.284722 0.038021 0.049074
0 0.103646 0.220833 0.030208 0.045370
0 0.138802 0.247222 0.036979 0.050000
0 0.986719 0.167593 0.021354 0.033333
1 0.419271 0.318056 0.093750 0.119444
0 0.203906 0.163426 0.033854 0.037963
0 0.311719 0.211574 0.047396 0.045370
0 0.733854 0.201389 0.045833 0.049074
0 0.534612 0.358236 0.047047 0.064546
0 0.271180 0.196431 0.041755 0.044361
0 0.237354 0.178880 0.035604 0.038037
0 0.408906 0.158449 0.060854 0.040917
0 0.380583 0.149819 0.033344 0.039769
0 0.355336 0.147514 0.034630 0.035157
0 0.339802 0.138884 0.035281 0.032861
0 0.291089 0.121625 0.035604 0.034009
0 0.141385 0.169671 0.032042 0.035731
0 0.112740 0.154995 0.026542 0.032861
0 0.091703 0.140324 0.022656 0.032278
0 0.142031 0.140037 0.030750 0.028259
0 0.121802 0.131431 0.022656 0.027046
0 0.103516 0.123375 0.021687 0.027046
