0 0.654693 0.237458 0.051458 0.096491
2 0.463667 0.281315 0.086698 0.184204
0 0.427719 0.433569 0.051458 0.152880
0 0.486576 0.550111 0.093047 0.145370
0 0.639185 0.013778 0.034536 0.027556
0 0.678307 0.177301 0.042292 0.073935
0 0.806596 0.805750 0.131109 0.120296
0 0.581385 0.806375 0.155781 0.134083
0 0.739633 0.682944 0.131109 0.137852
0 0.703328 0.115273 0.043000 0.070176
0 0.723419 0.060134 0.039474 0.055139
0 0.740695 0.021296 0.031703 0.042593
0 0.533802 0.197986 0.053573 0.085213
0 0.587375 0.090838 0.042292 0.073935
