0 0.487891 0.129167 0.049219 0.058333
0 0.323449 0.056347 0.034539 0.075194
0 0.362887 0.009375 0.028977 0.018750
0 0.359727 0.120833 0.031016 0.061389
0 0.974063 0.132785 0.030312 0.037597
0 0.527344 0.018750 0.054688 0.037500
0 0.959375 0.830556 0.081250 0.202778
0 0.957812 0.170833 0.035937 0.041667
0 0.925391 0.931944 0.124219 0.130556
0 0.425000 0.161806 0.043750 0.062500
0 0.391406 0.111806 0.037500 0.062500
2 0.360000 0.060556 0.036563 0.081111
0 0.460938 0.099306 0.037500 0.045833
0 0.386328 0.164583 0.042969 0.065278
