0 0.430859 0.017361 0.036719 0.034722
0 0.518348 0.058229 0.040883 0.051375
0 0.480992 0.038174 0.045109 0.051375
0 0.398871 0.011882 0.033133 0.023764
2 0.151422 0.038181 0.036016 0.053889
0 0.731250 0.068750 0.034375 0.051389
0 0.827734 0.139583 0.030469 0.059722
0 0.456641 0.023611 0.046094 0.047222
0 0.861367 0.172917 0.028984 0.059722
0 0.794531 0.115278 0.034375 0.061111
0 0.813281 0.374306 0.062500 0.081944
0 0.709766 0.466667 0.085156 0.105556
0 0.562891 0.086806 0.057031 0.054167
0 0.355078 0.172917 0.053906 0.065278
0 0.762109 0.088889 0.036719 0.052778
