2 0.753723 0.279465 0.030930 0.037792
0 0.551238 0.096472 0.022227 0.022333
1 0.506781 0.421215 0.058953 0.063569
0 0.591352 0.708160 0.027062 0.091069
0 0.550273 0.697854 0.031891 0.101375
0 0.653687 0.285479 0.024156 0.029208
0 0.550273 0.288917 0.039625 0.036083
0 0.443961 0.446132 0.055094 0.051542
0 0.377754 0.465896 0.059930 0.053264
0 0.140477 0.542354 0.053156 0.058431
0 0.060742 0.570444 0.052188 0.048278
2 0.029812 0.390035 0.046391 0.082292
0 0.584102 0.172076 0.022234 0.029208
0 0.609230 0.164347 0.024164 0.027500
0 0.499531 0.043208 0.019328 0.022333
2 0.612129 0.395444 0.053164 0.056694
