0 0.427344 0.159722 0.056250 0.041667
0 0.513047 0.070556 0.036406 0.027222
0 0.746707 0.365264 0.084586 0.061528
0 0.487629 0.100236 0.040242 0.027694
0 0.497848 0.092715 0.032492 0.022681
0 0.498945 0.083937 0.044406 0.030208
0 0.135156 0.590278 0.115625 0.152778
1 0.460547 0.244444 0.214844 0.150000
0 0.112891 0.708333 0.119531 0.130556
0 0.232422 0.263889 0.067969 0.050000
0 0.125391 0.277083 0.066406 0.062500
0 0.655469 0.406250 0.087500 0.081944
1 0.468750 0.136806 0.073438 0.068056
0 0.558203 0.144444 0.025781 0.055556
