1 0.162711 0.223729 0.047234 0.073931
0 0.194781 0.206181 0.031016 0.046361
0 0.222594 0.229306 0.033203 0.037722
0 0.041824 0.273160 0.032430 0.042736
0 0.056625 0.291333 0.047938 0.071556
0 0.065086 0.313264 0.031016 0.047750
0 0.060148 0.177361 0.011281 0.021306
1 0.081297 0.178556 0.038062 0.049000
0 0.054863 0.313889 0.026086 0.046500
0 0.104559 0.159750 0.015508 0.026444
0 0.037945 0.265014 0.031719 0.041472
0 0.048164 0.240014 0.018328 0.013778
0 0.629465 0.070125 0.038773 0.033528
0 0.834145 0.114507 0.051164 0.049181
0 0.987078 0.215583 0.025375 0.052639
0 0.953246 0.195528 0.026789 0.057639
0 0.665004 0.044014 0.031133 0.033528
0 0.909188 0.849042 0.124766 0.179194
0 0.199328 0.256243 0.033203 0.043986
0 0.041121 0.286944 0.028195 0.042722
