2 0.215191 0.209222 0.050820 0.080389
0 0.370652 0.459937 0.092336 0.092736
0 0.941262 0.494403 0.095867 0.099000
0 0.951480 0.197410 0.030305 0.061403
0 0.836199 0.122160 0.056461 0.054014
0 0.637805 0.063889 0.037359 0.037722
0 0.158480 0.235625 0.027492 0.045111
0 0.120066 0.202361 0.022555 0.036472
0 0.089723 0.194215 0.024039 0.025181
0 0.064379 0.309562 0.032430 0.050125
0 0.035832 0.266333 0.028898 0.033833
0 0.038297 0.279431 0.032422 0.050250
0 0.039004 0.289451 0.023961 0.047736
0 0.056273 0.291958 0.045812 0.075306
0 0.055922 0.309500 0.029609 0.050250
