0 0.504398 0.084563 0.041391 0.030181
0 0.540250 0.054271 0.018281 0.021181
0 0.550453 0.043993 0.012031 0.020764
0 0.514012 0.080264 0.024289 0.022444
0 0.487898 0.100375 0.030281 0.025417
0 0.467289 0.111590 0.044578 0.029903
0 0.456777 0.128042 0.047102 0.038889
0 0.440375 0.141500 0.051312 0.041861
0 0.502578 0.093465 0.036250 0.030264
0 0.430699 0.159444 0.048789 0.032889
0 0.417578 0.173611 0.053906 0.041667
1 0.026172 0.182639 0.050781 0.079167
0 0.020313 0.813889 0.040625 0.144444
0 0.076953 0.675694 0.138281 0.165278
0 0.328918 0.504139 0.085805 0.133083
0 0.151430 0.543764 0.087484 0.137583
0 0.474441 0.101125 0.035336 0.029917
