0 0.856292 0.490588 0.023260 0.038843
0 0.824570 0.483069 0.024672 0.038843
0 0.748089 0.531315 0.045115 0.052630
0 0.859109 0.664773 0.068375 0.081454
0 0.843247 0.758759 0.122651 0.144111
0 0.229294 0.420417 0.014099 0.018796
0 0.241979 0.412269 0.012687 0.020056
0 0.257490 0.429185 0.012688 0.018796
0 0.317401 0.429810 0.021146 0.020046
0 0.292732 0.427931 0.022557 0.021306
0 0.260659 0.456750 0.017620 0.026315
0 0.268414 0.526931 0.034536 0.043861
0 0.465781 0.590838 0.096573 0.068917
0 0.895763 0.417282 0.010578 0.017546
0 0.881312 0.412898 0.012687 0.018796
0 0.817875 0.439838 0.021146 0.027565
0 0.806594 0.444222 0.028198 0.028815
