0 0.882012 0.011299 0.018398 0.022597
0 0.544922 0.381944 0.138281 0.138889
0 0.546094 0.245139 0.100000 0.090278
1 0.680469 0.227778 0.162500 0.169444
0 0.315234 0.240278 0.091406 0.094444
0 0.233594 0.443750 0.090625 0.187500
0 0.756250 0.077083 0.045312 0.048611
0 0.789453 0.202778 0.061719 0.083333
0 0.185938 0.197917 0.064062 0.068056
0 0.305078 0.169444 0.077344 0.077778
0 0.260156 0.280556 0.100000 0.125000
0 0.814453 0.082639 0.042969 0.056944
0 0.971094 0.466389 0.057813 0.093889
0 0.188281 0.119931 0.046875 0.060139
0 0.789453 0.052778 0.041406 0.050000
0 0.844922 0.059722 0.036719 0.050000
0 0.307422 0.121528 0.064844 0.056944
0 0.118359 0.142361 0.039844 0.056944
0 0.948789 0.882986 0.102422 0.174583
0 0.208141 0.088326 0.050828 0.046486
0 0.229320 0.068896 0.038062 0.032708
0 0.405895 0.057625 0.047227 0.047750
0 0.375937 0.049479 0.038063 0.043986
0 0.342105 0.038201 0.040883 0.043986
0 0.313203 0.035063 0.049344 0.045236
0 0.284305 0.031931 0.029609 0.036472
0 0.272320 0.022535 0.032422 0.037708
0 0.231438 0.031306 0.026781 0.042722
0 0.199328 0.024417 0.033203 0.038972
0 0.113719 0.098410 0.031016 0.036347
0 0.120383 0.052611 0.026156 0.030194
0 0.147910 0.026917 0.023258 0.028944
0 0.033715 0.129056 0.034539 0.060278
0 0.063641 0.114646 0.026859 0.033958
0 0.091164 0.087701 0.023969 0.035208
0 0.070723 0.083375 0.022555 0.031333
0 0.828125 0.032625 0.026078 0.032583
0 0.872531 0.048847 0.024672 0.037722
0 0.886949 0.040076 0.018398 0.032708
0 0.846098 0.021340 0.022555 0.027569
0 0.864742 0.014451 0.021922 0.026319
0 0.909891 0.025042 0.019031 0.027694
