0 0.978125 0.587500 0.036458 0.043519
0 0.302865 0.620833 0.044271 0.113889
0 0.230208 0.717130 0.044792 0.075000
0 0.337500 0.641667 0.029167 0.077778
0 0.271354 0.722685 0.042708 0.091667
0 0.253646 0.626852 0.043750 0.087037
0 0.304948 0.744444 0.041146 0.090741
0 0.350781 0.733796 0.041146 0.100926
0 0.422917 0.474537 0.025000 0.050926
1 0.400521 0.761111 0.040625 0.133333
0 0.117708 0.432407 0.051042 0.055556
0 0.504167 0.633796 0.029167 0.086111
0 0.083073 0.585648 0.048438 0.052778
1 0.411719 0.625926 0.039062 0.129630
0 0.451562 0.644444 0.033333 0.092593
0 0.985677 0.685463 0.028646 0.054259
0 0.452604 0.760648 0.038542 0.121296
0 0.888013 0.496227 0.033141 0.047620
0 0.025479 0.781940 0.050958 0.062657
0 0.454167 0.472685 0.023958 0.060185
0 0.806250 0.497222 0.034375 0.048148
0 0.744010 0.500000 0.035937 0.051852
1 0.299219 0.459259 0.083854 0.066667
0 0.863339 0.496227 0.037354 0.052639
0 0.836201 0.501236 0.032422 0.055139
0 0.990352 0.733694 0.019297 0.041352
0 0.775260 0.503241 0.031771 0.047222
0 0.390365 0.470370 0.025521 0.061111
