0 0.400000 0.816250 0.098437 0.125000
0 0.535937 0.750000 0.085938 0.085000
0 0.504687 0.793750 0.090625 0.095000
0 0.780859 0.897500 0.078906 0.092500
0 0.363672 0.854375 0.082031 0.108750
0 0.563281 0.718750 0.092188 0.070000
0 0.826562 0.805000 0.071875 0.077500
0 0.443750 0.798750 0.087500 0.087500
0 0.629687 0.685000 0.062500 0.062500
0 0.594922 0.694375 0.082031 0.081250
0 0.661328 0.668750 0.077344 0.072500
0 0.328906 0.979375 0.082812 0.041250
0 0.887109 0.905000 0.107031 0.092500
0 0.930469 0.825000 0.085938 0.077500
0 0.871094 0.757500 0.054688 0.070000
0 0.013281 0.751875 0.026562 0.076250
0 0.938281 0.791250 0.093750 0.067500
0 0.676562 0.640000 0.075000 0.070000
0 0.870418 0.944237 0.095555 0.091600
0 0.834391 0.971838 0.114344 0.056325
0 0.956570 0.758212 0.081453 0.070175
0 0.704770 0.634088 0.055602 0.052750
0 0.727875 0.620931 0.064219 0.054013
0 0.738055 0.600250 0.061094 0.050250
0 0.754500 0.585837 0.056391 0.049000
0 0.768992 0.570175 0.057172 0.052750
0 0.785047 0.553256 0.056391 0.056512
0 0.807371 0.546363 0.052477 0.060275
0 0.823426 0.540669 0.046992 0.043862
0 0.836738 0.531325 0.040727 0.037725
0 0.874766 0.548875 0.033750 0.037725
0 0.859453 0.497494 0.045422 0.037712
0 0.872770 0.493113 0.039164 0.038975
0 0.889215 0.478006 0.042289 0.031337
0 0.844180 0.520113 0.050906 0.037600
0 0.890781 0.401063 0.032891 0.020050
0 0.739230 0.356512 0.030539 0.021425
0 0.690281 0.347725 0.026625 0.016450
