0 0.288180 0.794465 0.105031 0.175569
0 0.388629 0.518153 0.073305 0.114167
0 0.113367 0.708625 0.117719 0.131694
0 0.258895 0.467396 0.055055 0.122931
0 0.102055 0.312014 0.074078 0.072806
0 0.048875 0.249354 0.049344 0.045236
1 0.724859 0.320153 0.135344 0.131694
0 0.514449 0.313264 0.085289 0.070306
0 0.540180 0.171660 0.032422 0.067792
0 0.416082 0.153486 0.060695 0.054000
0 0.462961 0.135944 0.040250 0.033972
0 0.462254 0.120285 0.055758 0.032708
0 0.477762 0.105243 0.044477 0.032708
0 0.496090 0.095222 0.031789 0.027694
0 0.498590 0.083937 0.045117 0.030208
