0 0.953418 0.418806 0.041711 0.063806
0 0.019855 0.946764 0.039711 0.106472
0 0.189145 0.859625 0.143805 0.150500
0 0.431273 0.631556 0.131812 0.135472
0 0.775141 0.492431 0.085766 0.100361
0 0.917590 0.369729 0.049930 0.059625
0 0.553895 0.225535 0.057148 0.093542
0 0.456809 0.218646 0.048992 0.079764
0 0.460480 0.155917 0.052258 0.066000
2 0.465578 0.096806 0.070609 0.116028
0 0.401332 0.140687 0.049805 0.077597
2 0.381141 0.049854 0.051844 0.099708
0 0.311203 0.070347 0.053031 0.054389
0 0.301207 0.052208 0.045273 0.047139
0 0.285707 0.037347 0.046914 0.046417
