0 0.333672 0.181944 0.031406 0.030556
0 0.495609 0.109687 0.029406 0.022653
0 0.369750 0.157417 0.031000 0.028167
0 0.398004 0.211319 0.043992 0.038889
0 0.803613 0.020306 0.028867 0.028000
0 0.790691 0.029215 0.031352 0.019431
0 0.382812 0.142674 0.034359 0.027958
0 0.399508 0.131542 0.031328 0.024472
0 0.446160 0.094812 0.030086 0.025736
0 0.465621 0.084201 0.027320 0.021986
0 0.484031 0.071826 0.024328 0.020847
0 0.493461 0.059806 0.031484 0.027306
0 0.562004 0.164632 0.041977 0.033958
0 0.481281 0.152312 0.040453 0.037292
0 0.506473 0.137160 0.037273 0.034292
0 0.522863 0.118847 0.042711 0.036972
0 0.542250 0.108861 0.035406 0.028306
0 0.558359 0.092847 0.036906 0.029028
0 0.443164 0.153972 0.035031 0.028639
0 0.462172 0.132667 0.031469 0.025972
0 0.594039 0.136160 0.028859 0.031625
0 0.250746 0.850264 0.047414 0.146639
0 0.190117 0.918750 0.044297 0.151389
0 0.576063 0.079278 0.031656 0.030639
0 0.783977 0.038687 0.033172 0.024542
1 0.265496 0.259806 0.067883 0.078333
0 0.135457 0.263069 0.018070 0.026861
0 0.992234 0.591896 0.015531 0.069736
0 0.365844 0.356465 0.051141 0.049486
0 0.410832 0.419181 0.060852 0.067889
0 0.556223 0.428035 0.075008 0.078653
0 0.567969 0.513549 0.091781 0.088597
0 0.309594 0.576194 0.055937 0.114444
0 0.138418 0.952097 0.035852 0.082528
2 0.745086 0.093944 0.049953 0.087722
0 0.758039 0.048431 0.035281 0.030000
0 0.774664 0.041778 0.034187 0.030000
0 0.431090 0.105938 0.027867 0.021625
0 0.414230 0.117729 0.030117 0.026819
0 0.488969 0.186653 0.046984 0.040000
0 0.453801 0.168278 0.038211 0.028667
0 0.619703 0.094069 0.030344 0.032306
0 0.577184 0.144354 0.052445 0.036958
0 0.532828 0.077361 0.033406 0.029167
