0 0.434990 0.474699 0.021292 0.060287
0 0.471661 0.470491 0.022083 0.051870
0 0.506758 0.485912 0.026016 0.068694
0 0.698383 0.498532 0.033911 0.051880
0 0.726380 0.496431 0.034698 0.056083
0 0.234896 0.635185 0.037500 0.077778
0 0.856104 0.502736 0.035490 0.060287
0 0.878974 0.496431 0.029177 0.042065
0 0.953891 0.570032 0.040219 0.035046
0 0.113690 0.435449 0.043703 0.053880
0 0.826531 0.502037 0.031542 0.053278
0 0.386979 0.752315 0.034375 0.100926
0 0.199219 0.717593 0.049479 0.101852
0 0.474219 0.662037 0.032813 0.088889
0 0.243490 0.478241 0.028646 0.045370
0 0.973958 0.662500 0.051042 0.058333
0 0.207292 0.480556 0.029167 0.050000
0 0.426823 0.637037 0.038021 0.094444
0 0.274479 0.479167 0.026042 0.049074
0 0.326042 0.728241 0.039583 0.084259
0 0.801302 0.503704 0.033854 0.051852
0 0.969922 0.612269 0.050260 0.045833
0 0.762240 0.494907 0.038021 0.054630
0 0.304167 0.480093 0.025000 0.058333
0 0.163281 0.708796 0.040104 0.065741
0 0.171206 0.454375 0.028391 0.050472
0 0.388857 0.470495 0.022078 0.063083
0 0.271615 0.627778 0.045312 0.083333
0 0.988802 0.727315 0.022396 0.050926
0 0.308333 0.629167 0.035417 0.084259
0 0.384375 0.635648 0.036458 0.087963
0 0.433594 0.758333 0.031771 0.088889
0 0.348438 0.633796 0.033333 0.075000
