0 0.249740 0.496894 0.050729 0.051398
0 0.486945 0.387181 0.034547 0.035194
0 0.255031 0.426069 0.031708 0.040083
0 0.234586 0.440486 0.035932 0.038843
0 0.371346 0.356519 0.033141 0.033815
0 0.371706 0.367810 0.023984 0.028824
0 0.354781 0.372213 0.026792 0.032611
0 0.339281 0.380347 0.025396 0.031343
0 0.308599 0.396009 0.033115 0.037611
0 0.293815 0.408551 0.031745 0.040120
0 0.275125 0.418560 0.028198 0.035083
0 0.333630 0.389727 0.025375 0.032602
0 0.281826 0.484338 0.045828 0.041324
0 0.463682 0.382787 0.023260 0.028944
0 0.594440 0.531907 0.042297 0.076574
0 0.400596 0.462356 0.059214 0.047750
0 0.430555 0.370875 0.024672 0.027694
0 0.445357 0.378398 0.026078 0.030204
0 0.584570 0.469880 0.071901 0.045241
