0 0.829297 0.484722 0.085156 0.100000
0 0.607578 0.104861 0.036406 0.031944
0 0.120703 0.309722 0.019531 0.033333
0 0.442969 0.154861 0.037500 0.029167
0 0.482812 0.150000 0.037500 0.030556
0 0.162891 0.947847 0.055469 0.104306
0 0.772500 0.027083 0.035625 0.029167
0 0.224391 0.887528 0.045641 0.150333
0 0.293414 0.787854 0.057328 0.143347
0 0.787332 0.021875 0.027492 0.023056
0 0.955078 0.549306 0.089844 0.106944
0 0.796930 0.010597 0.027953 0.021194
0 0.515484 0.188167 0.051250 0.039806
0 0.560527 0.164882 0.040461 0.037458
0 0.575363 0.150500 0.044242 0.029778
0 0.391273 0.212597 0.040734 0.040806
0 0.502398 0.136590 0.039109 0.036486
0 0.521551 0.125569 0.034258 0.029778
0 0.537332 0.110931 0.037758 0.031194
0 0.554434 0.095194 0.039023 0.033889
0 0.566297 0.081319 0.031219 0.030556
0 0.577922 0.075903 0.030125 0.025278
0 0.458430 0.140167 0.033094 0.029972
0 0.475289 0.118931 0.033406 0.028028
0 0.496516 0.108111 0.031531 0.020250
0 0.511895 0.096875 0.032305 0.023861
0 0.528828 0.083417 0.032781 0.026917
0 0.544598 0.072729 0.025914 0.019431
0 0.333266 0.182625 0.029672 0.030417
0 0.362711 0.159451 0.031469 0.028014
0 0.380469 0.144264 0.026969 0.025611
0 0.416770 0.116486 0.029898 0.023611
0 0.482969 0.091208 0.034344 0.031083
0 0.437539 0.098986 0.029984 0.025528
0 0.458691 0.091208 0.026398 0.023306
0 0.471496 0.076778 0.026695 0.024417
0 0.485691 0.066236 0.021398 0.022194
0 0.494594 0.057500 0.028266 0.022472
0 0.521441 0.051542 0.026086 0.020833
0 0.110672 0.258444 0.013938 0.026778
0 0.122023 0.261639 0.012359 0.022778
0 0.133148 0.263840 0.013484 0.025569
0 0.146301 0.269437 0.015961 0.027181
0 0.158660 0.272035 0.017305 0.028375
2 0.176867 0.276229 0.030797 0.045542
0 0.078078 0.286021 0.013484 0.024375
