0 0.574229 0.359403 0.012927 0.025065
0 0.556018 0.362014 0.011745 0.019843
0 0.510201 0.376634 0.019974 0.026102
0 0.516076 0.361495 0.015276 0.020880
0 0.535164 0.357319 0.015859 0.031324
0 0.525474 0.412667 0.015271 0.029241
0 0.575109 0.431458 0.018208 0.031324
0 0.526354 0.457046 0.018208 0.032370
0 0.594201 0.357843 0.010578 0.024019
0 0.581865 0.457046 0.017625 0.030278
0 0.469378 0.501949 0.042880 0.034454
0 0.577865 0.507407 0.024479 0.044444
0 0.501563 0.683333 0.032292 0.077778
0 0.455990 0.581019 0.059896 0.052778
0 0.686979 0.839352 0.078125 0.078704
0 0.456510 0.653241 0.065104 0.054630
0 0.409753 0.476889 0.018797 0.032370
