0 0.438281 0.220139 0.067187 0.045833
0 0.509129 0.130306 0.042367 0.027694
0 0.502469 0.145347 0.037359 0.027694
0 0.493305 0.155368 0.045812 0.037708
0 0.485547 0.166021 0.037359 0.023931
0 0.465813 0.174792 0.054281 0.038972
0 0.451680 0.194215 0.052937 0.030208
0 0.550000 0.222917 0.026562 0.045833
0 0.364844 0.497222 0.071875 0.116667
0 0.084375 0.730556 0.109375 0.200000
0 0.204687 0.400000 0.082812 0.077778
0 0.278906 0.458333 0.064062 0.097222
0 0.512891 0.333333 0.092969 0.061111
0 0.505859 0.376111 0.100781 0.067222
0 0.239063 0.299306 0.070312 0.048611
0 0.117578 0.323611 0.063281 0.063889
0 0.019922 0.875000 0.039844 0.144444
0 0.943359 0.462500 0.071094 0.069444
0 0.521094 0.275694 0.053125 0.048611
0 0.764453 0.411111 0.072656 0.052778
0 0.052734 0.353472 0.060156 0.059722
0 0.040234 0.309028 0.053906 0.054167
