0 0.466083 0.562981 0.042635 0.039667
0 0.413810 0.473644 0.021318 0.034287
0 0.513789 0.359963 0.012182 0.019852
0 0.545763 0.360861 0.011161 0.021648
0 0.529523 0.359963 0.013193 0.019852
0 0.527492 0.402366 0.013193 0.025269
0 0.526477 0.439356 0.017255 0.030676
0 0.570125 0.399657 0.013198 0.023463
0 0.573169 0.420407 0.017255 0.032481
0 0.586367 0.463722 0.017255 0.036093
0 0.607680 0.479958 0.039589 0.039694
0 0.578245 0.525074 0.021313 0.043315
0 0.519372 0.596352 0.027401 0.066759
0 0.510237 0.662218 0.031464 0.072176
0 0.456440 0.611690 0.055828 0.046917
0 0.446797 0.670356 0.046687 0.055898
0 0.450857 0.841764 0.081203 0.070380
0 0.427510 0.442968 0.018271 0.045120
