0 0.485512 0.154111 0.044477 0.037722
0 0.089453 0.729861 0.110156 0.187500
0 0.203906 0.734028 0.100000 0.181944
0 0.020313 0.872917 0.040625 0.140278
0 0.434766 0.214583 0.058594 0.045833
0 0.024219 0.266667 0.035937 0.050000
0 0.452734 0.200694 0.047656 0.043056
0 0.471094 0.181250 0.046875 0.037500
2 0.539453 0.138889 0.032031 0.055556
0 0.725883 0.399722 0.102281 0.082833
0 0.574719 0.076417 0.026781 0.025194
0 0.476035 0.169146 0.045117 0.032708
0 0.483047 0.161632 0.039547 0.030208
0 0.495418 0.145972 0.038773 0.026444
0 0.500316 0.135944 0.043070 0.026444
0 0.511598 0.130931 0.031789 0.026444
1 0.020559 0.221153 0.041117 0.061528
