0 0.643359 0.417361 0.100781 0.095833
0 0.523988 0.023764 0.046523 0.035083
0 0.974766 0.128403 0.044406 0.063917
0 0.425391 0.068750 0.036719 0.043056
0 0.456641 0.105556 0.042969 0.044444
0 0.980859 0.170833 0.036719 0.047222
0 0.366797 0.143750 0.038281 0.056944
0 0.876953 0.163889 0.049219 0.047222
0 0.931641 0.188889 0.044531 0.055556
0 0.365234 0.473611 0.114844 0.102778
1 0.707422 0.181250 0.180469 0.112500
0 0.854688 0.217361 0.053125 0.054167
1 0.637891 0.265278 0.149219 0.150000
0 0.102344 0.588194 0.106250 0.104167
0 0.380508 0.018153 0.027562 0.036306
