0 0.703125 0.298611 0.037500 0.069444
0 0.414062 0.628472 0.085938 0.131944
0 0.347266 0.766667 0.096094 0.155556
0 0.303516 0.821528 0.099219 0.173611
0 0.715625 0.670139 0.043750 0.123611
0 0.483203 0.612500 0.088281 0.130556
0 0.514453 0.565972 0.088281 0.123611
0 0.542578 0.534028 0.082031 0.118056
0 0.805859 0.954167 0.066406 0.088889
0 0.575000 0.480556 0.085938 0.130556
0 0.632031 0.431250 0.067187 0.087500
0 0.604297 0.456250 0.072656 0.095833
0 0.673828 0.167361 0.052344 0.054167
0 0.890234 0.934028 0.063281 0.126389
0 0.024219 0.458333 0.046875 0.102778
2 0.827734 0.155368 0.064922 0.070292
2 0.846063 0.102104 0.057875 0.056514
0 0.587406 0.049479 0.025375 0.043986
0 0.835172 0.053861 0.017625 0.030194
0 0.873234 0.047604 0.019031 0.022681
