0 0.351953 0.768750 0.049219 0.048611
0 0.447121 0.790056 0.069148 0.053889
0 0.437961 0.800708 0.059281 0.040111
0 0.421746 0.816375 0.079023 0.058889
0 0.258563 0.795069 0.047297 0.051389
0 0.133797 0.821382 0.034609 0.071431
0 0.173320 0.816667 0.056016 0.069444
0 0.490625 0.783333 0.046875 0.041667
0 0.403297 0.828340 0.087156 0.058319
0 0.588121 0.745069 0.033289 0.032083
0 0.560156 0.750694 0.048438 0.031944
0 0.230859 0.803833 0.050312 0.049000
0 0.380234 0.843611 0.096406 0.062778
0 0.204883 0.814104 0.049609 0.057069
0 0.604664 0.740562 0.026156 0.027569
