0 0.738221 0.240588 0.063443 0.065157
0 0.609896 0.252315 0.069792 0.058333
0 0.949219 0.268981 0.050521 0.041667
0 0.703724 0.285185 0.087344 0.061111
0 0.991927 0.354167 0.016146 0.056481
0 0.807187 0.328241 0.095625 0.078704
0 0.133854 0.863889 0.242708 0.246296
0 0.756510 0.874074 0.214062 0.242593
0 0.926042 0.350000 0.088542 0.074074
0 0.955208 0.579167 0.088542 0.175000
0 0.625260 0.550926 0.148438 0.157407
0 0.415885 0.679167 0.211979 0.219444
0 0.736198 0.462963 0.114062 0.135185
0 0.963081 0.256880 0.045109 0.042611
0 0.983169 0.250611 0.033130 0.037593
0 0.944401 0.298231 0.031719 0.045111
0 0.602883 0.202991 0.040880 0.045111
0 0.636367 0.209884 0.050047 0.051380
0 0.659979 0.225551 0.040885 0.052639
0 0.698396 0.228056 0.052865 0.050130
