0 0.346875 0.769444 0.095312 0.155556
0 0.542969 0.536111 0.082812 0.119444
0 0.436328 0.682639 0.092969 0.131944
0 0.510547 0.571528 0.086719 0.131944
0 0.472656 0.624306 0.092188 0.123611
0 0.583594 0.254167 0.045312 0.063889
0 0.569531 0.493750 0.085938 0.106944
0 0.610547 0.445139 0.085156 0.123611
0 0.794922 0.929167 0.078906 0.138889
0 0.043750 0.500000 0.073438 0.194444
0 0.719531 0.525694 0.035937 0.106944
0 0.008203 0.651389 0.016406 0.086111
0 0.735809 0.768132 0.055680 0.125319
0 0.799918 0.524396 0.036023 0.091486
