1 0.105227 0.227424 0.073375 0.069042
1 0.021617 0.239958 0.043234 0.071556
0 0.600859 0.897917 0.085156 0.154167
0 0.633934 0.260632 0.036664 0.062653
0 0.461891 0.237444 0.029656 0.061528
0 0.859480 0.115875 0.038133 0.053889
0 0.502453 0.251833 0.028969 0.065167
0 0.582121 0.244340 0.027492 0.057764
0 0.512008 0.721757 0.070484 0.127819
0 0.095773 0.280035 0.055687 0.053875
0 0.238512 0.248083 0.035242 0.067667
0 0.331875 0.252465 0.028969 0.071431
0 0.370289 0.239931 0.029672 0.068917
0 0.020922 0.288181 0.041844 0.047611
