0 0.236359 0.804472 0.045187 0.055139
0 0.437605 0.799458 0.069852 0.052639
0 0.417871 0.814500 0.075492 0.055139
0 0.387559 0.846444 0.088180 0.066417
0 0.348473 0.859604 0.091633 0.075181
0 0.263852 0.793188 0.045187 0.052625
0 0.196887 0.812618 0.077602 0.061403
0 0.178910 0.827646 0.050117 0.061403
0 0.140141 0.830785 0.045891 0.065153
0 0.828809 0.807632 0.043086 0.073875
0 0.605723 0.741812 0.031086 0.032569
0 0.467953 0.759361 0.050047 0.035083
0 0.560258 0.751208 0.051531 0.033833
0 0.590566 0.746194 0.033195 0.033833
