0 0.895070 0.118347 0.030151 0.033194
0 0.348438 0.672685 0.115625 0.123148
0 0.785677 0.515741 0.076563 0.090741
1 0.571354 0.486111 0.188542 0.272222
0 0.415365 0.393056 0.084896 0.086111
0 0.465104 0.711111 0.123958 0.103704
0 0.788021 0.391667 0.053125 0.074074
2 0.598437 0.313426 0.096875 0.176852
0 0.429427 0.851389 0.182812 0.226852
0 0.689583 0.361111 0.050000 0.066667
0 0.906771 0.292130 0.046875 0.065741
0 0.690625 0.429630 0.059375 0.087037
0 0.685156 0.275463 0.056771 0.060185
0 0.778385 0.219444 0.048438 0.055556
0 0.221875 0.259259 0.046875 0.055556
0 0.715104 0.178704 0.045833 0.050000
0 0.311458 0.212037 0.046875 0.048148
0 0.102380 0.856991 0.121073 0.130648
0 0.687760 0.232407 0.051562 0.055556
0 0.507292 0.406944 0.044792 0.082407
0 0.104427 0.226389 0.034896 0.049074
0 0.891146 0.151389 0.031250 0.045370
0 0.236979 0.176852 0.040625 0.046296
2 0.834760 0.161648 0.083500 0.115667
0 0.939266 0.102338 0.024354 0.033194
0 0.938591 0.072403 0.022391 0.027861
0 0.992966 0.055856 0.014068 0.040806
0 0.389807 0.150134 0.052437 0.040861
0 0.348378 0.096620 0.024599 0.025889
0 0.334620 0.134023 0.048229 0.032806
0 0.292544 0.121653 0.037870 0.032231
0 0.185568 0.281046 0.043375 0.052944
0 0.190099 0.231269 0.039490 0.046611
0 0.147375 0.248824 0.040781 0.062148
0 0.149154 0.207102 0.036578 0.044315
0 0.114521 0.193579 0.032042 0.043731
0 0.076164 0.208255 0.029776 0.040861
0 0.078430 0.174301 0.028484 0.035102
0 0.075357 0.130861 0.023630 0.031074
0 0.122776 0.131431 0.026542 0.035676
