0 0.232031 0.729630 0.043229 0.094444
0 0.277604 0.727778 0.044792 0.096296
0 0.445573 0.745833 0.038021 0.097222
0 0.325000 0.740741 0.035417 0.090741
0 0.378385 0.739352 0.036979 0.117593
0 0.302083 0.635648 0.037500 0.084259
0 0.261458 0.631019 0.035417 0.082407
0 0.961979 0.614815 0.039583 0.040741
0 0.193490 0.721296 0.043229 0.092593
0 0.387760 0.644444 0.031771 0.074074
0 0.309635 0.482870 0.028646 0.054630
0 0.818750 0.503241 0.033333 0.050926
0 0.761198 0.508333 0.032813 0.048148
0 0.473438 0.655556 0.028125 0.087037
0 0.845573 0.496296 0.034896 0.050000
0 0.343490 0.486574 0.025521 0.050926
0 0.390365 0.470370 0.025521 0.061111
0 0.790625 0.503241 0.034375 0.049074
0 0.418828 0.467130 0.025521 0.063889
0 0.115417 0.433333 0.045417 0.055556
0 0.729167 0.502315 0.033333 0.050926
0 0.165104 0.709722 0.044792 0.075000
0 0.461198 0.474074 0.023438 0.057407
0 0.990625 0.732222 0.018750 0.038519
1 0.427344 0.639815 0.035937 0.094444
0 0.995646 0.780028 0.008708 0.041481
0 0.684664 0.497444 0.031016 0.055259
