0 0.452344 0.841204 0.083854 0.075000
0 0.460417 0.779167 0.090625 0.082407
0 0.457552 0.611111 0.057813 0.051852
0 0.447656 0.670880 0.049479 0.063796
0 0.619271 0.787963 0.042708 0.088889
1 0.704167 0.949537 0.122917 0.099074
0 0.608872 0.479935 0.037359 0.035093
0 0.586318 0.463648 0.019031 0.037593
0 0.594776 0.357755 0.013396 0.028824
0 0.526404 0.439838 0.016214 0.027565
0 0.569753 0.402870 0.012693 0.026315
0 0.527107 0.407880 0.016214 0.031333
0 0.413966 0.474301 0.021161 0.036343
0 0.529927 0.360264 0.011979 0.021306
0 0.545435 0.359009 0.011984 0.023815
0 0.572573 0.360889 0.011281 0.020056
0 0.611198 0.712037 0.036979 0.072222
