0 0.330816 0.253715 0.029680 0.068931
1 0.104523 0.229924 0.073375 0.069042
0 0.461539 0.236806 0.030359 0.070278
0 0.633934 0.259410 0.036664 0.060097
0 0.414020 0.246597 0.028836 0.067917
0 0.239883 0.246194 0.035312 0.066417
1 0.021617 0.239958 0.043234 0.071556
0 0.600859 0.897917 0.085156 0.154167
0 0.708543 0.278576 0.054945 0.066181
0 0.020570 0.286924 0.041141 0.042597
0 0.582121 0.244340 0.027492 0.057764
0 0.096793 0.278153 0.055055 0.047611
0 0.502102 0.249333 0.029672 0.065167
0 0.512676 0.723646 0.070555 0.129069
