0 0.832039 0.530700 0.050125 0.038975
0 0.893953 0.550687 0.031406 0.041350
0 0.934328 0.613413 0.030547 0.041475
0 0.841047 0.513781 0.050906 0.042737
0 0.849273 0.501813 0.043859 0.041350
0 0.863020 0.498125 0.040023 0.038975
0 0.872379 0.491225 0.046211 0.037725
0 0.885691 0.487469 0.038383 0.032713
0 0.892348 0.481206 0.039164 0.032713
0 0.881773 0.397869 0.032109 0.021437
0 0.737273 0.357769 0.026625 0.021438
0 0.013137 0.732519 0.026273 0.080213
0 0.789355 0.557019 0.055602 0.054013
0 0.816770 0.538781 0.057180 0.042612
0 0.342926 0.962438 0.110430 0.075125
0 0.119320 0.984369 0.057953 0.031262
0 0.078203 0.918606 0.065000 0.107763
0 0.351973 0.861531 0.083102 0.094112
0 0.848879 0.962438 0.121398 0.075125
0 0.870418 0.933644 0.106523 0.092737
0 0.899004 0.882206 0.097898 0.107638
0 0.922500 0.839656 0.088500 0.095238
0 0.959879 0.756831 0.080242 0.075187
0 0.829691 0.827069 0.057961 0.082837
0 0.614703 0.780700 0.086938 0.100375
0 0.403234 0.821431 0.083797 0.094112
0 0.445922 0.795112 0.081453 0.086600
0 0.492129 0.775062 0.086148 0.089100
0 0.525848 0.746806 0.078398 0.082712
0 0.545387 0.709213 0.079883 0.082700
0 0.599035 0.705512 0.079102 0.072550
0 0.627230 0.682963 0.072836 0.080325
0 0.670309 0.677881 0.069711 0.065162
0 0.696547 0.658456 0.070484 0.063913
0 0.705945 0.634019 0.068922 0.055137
0 0.725527 0.617794 0.053258 0.055263
0 0.738055 0.599000 0.057953 0.060275
0 0.755680 0.582706 0.055609 0.055262
0 0.776430 0.575750 0.056391 0.048875
0 0.815203 0.556331 0.050906 0.047613
