0 0.399895 0.421639 0.057867 0.101500
0 0.461891 0.237437 0.031062 0.064014
0 0.582121 0.244340 0.027492 0.057764
1 0.104523 0.228674 0.073375 0.069042
0 0.707488 0.277951 0.055648 0.064931
0 0.512359 0.720507 0.069781 0.127819
1 0.021617 0.239958 0.043234 0.071556
0 0.502102 0.250583 0.029672 0.062667
0 0.987207 0.297576 0.025586 0.058903
0 0.847496 0.099583 0.038133 0.053889
0 0.414367 0.245972 0.028125 0.066667
0 0.634637 0.258160 0.035258 0.060097
0 0.600859 0.897917 0.085156 0.154167
0 0.020922 0.287556 0.041844 0.043861
0 0.331168 0.254965 0.028977 0.071431
0 0.239531 0.247451 0.036016 0.068931
0 0.097848 0.277528 0.055758 0.051389
