0 0.738629 0.273764 0.061320 0.068917
0 0.379488 0.535076 0.097273 0.140403
0 0.281156 0.799458 0.112078 0.248111
0 0.216656 0.631535 0.080359 0.182958
0 0.237453 0.258104 0.051453 0.075181
0 0.430945 0.183542 0.070484 0.061417
0 0.460551 0.212993 0.078945 0.070181
0 0.761184 0.268757 0.038773 0.053875
0 0.073566 0.378403 0.087398 0.087722
0 0.139113 0.073264 0.030992 0.046361
0 0.055594 0.083292 0.030313 0.066417
0 0.086922 0.072014 0.026859 0.056389
0 0.034441 0.022569 0.021852 0.045139
0 0.075293 0.025042 0.024742 0.050083
0 0.162734 0.439181 0.062734 0.126556
