0 0.383310 0.145977 0.050047 0.036343
1 0.460885 0.431019 0.071979 0.199074
1 0.882031 0.086111 0.057813 0.072222
0 0.438995 0.374671 0.057094 0.077694
0 0.637240 0.650926 0.129688 0.120370
0 0.184375 0.556019 0.100000 0.110185
0 0.587240 0.523611 0.110937 0.123148
0 0.542969 0.368981 0.074479 0.086111
0 0.832031 0.363426 0.055729 0.071296
0 0.730469 0.354167 0.047396 0.071296
0 0.753646 0.486574 0.073958 0.086111
0 0.661198 0.415278 0.059896 0.100926
0 0.534375 0.281944 0.061458 0.062037
0 0.692448 0.270370 0.053646 0.064815
0 0.358594 0.357870 0.061979 0.084259
1 0.384115 0.234259 0.096354 0.088889
0 0.634635 0.303704 0.070312 0.061111
0 0.591927 0.418056 0.048438 0.089815
0 0.261719 0.301852 0.048438 0.064815
0 0.607031 0.339815 0.075521 0.077778
0 0.206510 0.294907 0.041146 0.060185
0 0.220573 0.256019 0.044271 0.060185
0 0.701823 0.184259 0.052604 0.051852
0 0.375521 0.327778 0.056250 0.059259
0 0.768177 0.184199 0.048635 0.057639
0 0.840784 0.144722 0.037359 0.048870
0 0.890125 0.122792 0.031719 0.032583
0 0.935237 0.099611 0.024672 0.031333
0 0.968365 0.084574 0.023260 0.028815
0 0.992818 0.067032 0.014365 0.028824
0 0.334320 0.135324 0.046526 0.032574
0 0.313174 0.128431 0.033839 0.031324
0 0.295552 0.124046 0.033833 0.032574
0 0.279339 0.119662 0.032427 0.031324
0 0.199685 0.068912 0.026786 0.025065
0 0.267005 0.194222 0.040177 0.040093
0 0.235635 0.212394 0.042292 0.038843
0 0.203563 0.165398 0.034542 0.037593
0 0.167263 0.268157 0.039474 0.052630
1 0.176779 0.205505 0.054276 0.085213
0 0.136602 0.247481 0.028901 0.048870
0 0.108404 0.223671 0.034536 0.048880
0 0.136953 0.201111 0.028198 0.041352
0 0.129549 0.132190 0.020443 0.028824
0 0.087612 0.202995 0.026786 0.040102
0 0.112281 0.182319 0.028198 0.036343
0 0.088315 0.162894 0.031016 0.042602
0 0.073865 0.186704 0.023260 0.037593
0 0.038268 0.191718 0.025380 0.032583
0 0.056594 0.174171 0.021146 0.032583
1 0.091839 0.125301 0.057802 0.070176
