0 0.383016 0.093313 0.031016 0.048875
0 0.430594 0.071382 0.038766 0.050125
0 0.532813 0.012507 0.038750 0.025014
0 0.312840 0.045069 0.028977 0.040111
0 0.936328 0.190278 0.042969 0.044444
0 0.722266 0.212500 0.067969 0.063889
0 0.873437 0.270139 0.057813 0.059722
0 0.802734 0.231250 0.057031 0.062500
0 0.988574 0.862778 0.022852 0.094444
0 0.411328 0.137500 0.046094 0.072222
0 0.918750 0.159722 0.043750 0.044444
0 0.380512 0.018125 0.026148 0.031333
0 0.342094 0.013764 0.024031 0.027528
0 0.968770 0.117750 0.028195 0.032583
0 0.986500 0.167882 0.027000 0.040097
0 0.984633 0.140313 0.028906 0.027569
0 0.497656 0.287500 0.093750 0.097222
0 0.007031 0.562500 0.014063 0.066667
0 0.841016 0.184722 0.057031 0.055556
0 0.345266 0.401319 0.098531 0.077639
0 0.375781 0.150694 0.035937 0.062500
0 0.947977 0.976799 0.081062 0.046403
0 0.461922 0.101458 0.039547 0.042611
0 0.316172 0.489583 0.101094 0.104167
0 0.605469 0.307639 0.087500 0.084722
0 0.083203 0.476389 0.083594 0.111111
