0 0.795234 0.114583 0.032969 0.062500
0 0.621094 0.016667 0.050000 0.033333
0 0.398438 0.338889 0.068750 0.091667
0 0.431250 0.225694 0.060937 0.068056
0 0.699219 0.047917 0.031250 0.048611
0 0.828125 0.140972 0.031250 0.059722
0 0.762109 0.088889 0.036719 0.052778
0 0.861367 0.172708 0.028984 0.057361
0 0.563281 0.086806 0.056250 0.054167
0 0.229664 0.097083 0.040250 0.046389
0 0.103129 0.097701 0.029695 0.040097
0 0.400281 0.011257 0.038766 0.022514
0 0.456641 0.023611 0.044531 0.047222
0 0.051953 0.056944 0.021094 0.036111
0 0.430391 0.017361 0.035781 0.034722
0 0.015379 0.023771 0.016289 0.030069
0 0.895113 0.197326 0.021852 0.056403
0 0.480289 0.038174 0.043703 0.051375
0 0.519426 0.058854 0.038805 0.050125
0 0.189062 0.168056 0.042188 0.063889
0 0.813281 0.374306 0.062500 0.079167
0 0.731641 0.068056 0.035156 0.052778
