0 0.952187 0.197410 0.026078 0.058903
0 0.986371 0.214326 0.022555 0.057653
0 0.353516 0.200000 0.046094 0.052778
0 0.398828 0.161111 0.044531 0.047222
0 0.307812 0.140972 0.034375 0.037500
0 0.244531 0.171528 0.037500 0.037500
0 0.184375 0.156250 0.025000 0.031944
0 0.734375 0.334028 0.087500 0.073611
1 0.631250 0.203472 0.115625 0.120833
0 0.548828 0.265278 0.067969 0.058333
0 0.944531 0.361806 0.062500 0.079167
0 0.032578 0.445139 0.040156 0.079167
0 0.991406 0.529167 0.017188 0.069444
0 0.264844 0.130556 0.032813 0.033333
0 0.171875 0.126542 0.017625 0.025194
1 0.202891 0.096472 0.044406 0.052750
0 0.037949 0.251917 0.027492 0.035083
0 0.036891 0.265014 0.032422 0.041472
0 0.040063 0.271285 0.030313 0.041486
0 0.055922 0.291958 0.045109 0.075306
0 0.054508 0.312007 0.025375 0.052764
0 0.065437 0.310813 0.033125 0.050125
0 0.843949 0.102736 0.049414 0.045250
0 0.835137 0.123417 0.055758 0.051500
0 0.038301 0.295090 0.021148 0.041486
