0 0.685370 0.236167 0.057802 0.056519
1 0.712156 0.170380 0.070490 0.085333
1 0.273013 0.404713 0.131109 0.163037
0 0.412227 0.260602 0.058505 0.055259
0 0.193005 0.285042 0.048635 0.061528
0 0.153531 0.258722 0.038771 0.043981
0 0.173622 0.222444 0.031016 0.041352
1 0.215914 0.237481 0.059214 0.091481
0 0.383677 0.146569 0.049344 0.035213
0 0.332924 0.132157 0.047932 0.038981
0 0.309667 0.128394 0.038063 0.031454
0 0.296273 0.124639 0.040880 0.033963
0 0.044276 0.194185 0.023260 0.040222
2 0.018083 0.598949 0.036167 0.158028
0 0.093969 0.134662 0.029604 0.036472
0 0.492935 0.546384 0.084589 0.122806
0 0.714625 0.478083 0.085292 0.093981
0 0.661758 0.350829 0.066964 0.067787
0 0.696292 0.330787 0.065542 0.065278
