1 0.018750 0.799815 0.037500 0.110741
0 0.287500 0.824537 0.078125 0.086111
0 0.630729 0.593981 0.059375 0.060185
0 0.461979 0.684722 0.064583 0.067593
0 0.385417 0.839352 0.068750 0.073148
0 0.566927 0.711111 0.060937 0.066667
1 0.471094 0.812500 0.110937 0.130556
0 0.260677 0.959259 0.090104 0.079630
0 0.068490 0.806944 0.045312 0.073148
0 0.940885 0.406481 0.036979 0.038889
0 0.791146 0.524074 0.042708 0.048148
0 0.490365 0.444444 0.038021 0.042593
0 0.964297 0.345417 0.032760 0.029537
0 0.242448 0.516667 0.061979 0.068519
0 0.019141 0.885292 0.038281 0.074065
0 0.424560 0.479278 0.039474 0.049000
0 0.469674 0.407222 0.031016 0.037722
0 0.519016 0.432282 0.023969 0.032713
0 0.493992 0.416620 0.038766 0.033963
0 0.461568 0.397199 0.034542 0.035213
0 0.441479 0.389676 0.033833 0.037722
0 0.816128 0.469250 0.038766 0.046500
0 0.991768 0.400329 0.016464 0.041472
1 0.985424 0.365866 0.029151 0.057769
0 0.981195 0.327083 0.037609 0.022556
1 0.972612 0.266241 0.034536 0.041481
1 0.936310 0.253083 0.033839 0.040222
1 0.908115 0.267495 0.028198 0.041472
1 0.883091 0.270625 0.026078 0.035213
1 0.420685 0.217370 0.041589 0.054019
0 0.421391 0.363361 0.035948 0.037722
0 0.407292 0.355838 0.027490 0.027694
0 0.329401 0.291306 0.029604 0.018926
0 0.325172 0.284412 0.033833 0.025194
0 0.317771 0.281278 0.030313 0.026444
0 0.305435 0.274389 0.031016 0.022685
