0 0.495297 0.313549 0.056094 0.073125
0 0.330242 0.105326 0.039469 0.048403
0 0.924973 0.304785 0.047930 0.062847
0 0.863938 0.245528 0.051031 0.067750
0 0.791211 0.133424 0.036031 0.039347
0 0.716082 0.193257 0.046914 0.047792
0 0.692629 0.164549 0.045555 0.047208
0 0.768605 0.111069 0.035695 0.039333
0 0.740219 0.083271 0.034672 0.034514
0 0.717105 0.067250 0.033992 0.037528
0 0.700105 0.047611 0.038070 0.040556
0 0.674441 0.024042 0.042492 0.045389
0 0.654727 0.013396 0.035016 0.026792
0 0.671211 0.087528 0.042828 0.045333
0 0.644695 0.115000 0.044188 0.047194
0 0.603059 0.090826 0.042492 0.038736
0 0.584531 0.071785 0.050312 0.045375
0 0.545098 0.037646 0.040789 0.033903
0 0.528770 0.020646 0.059805 0.041292
