0 0.282031 0.737037 0.040104 0.098148
0 0.445573 0.745833 0.038021 0.097222
0 0.324740 0.740741 0.035937 0.090741
0 0.977344 0.691667 0.044271 0.051852
0 0.237760 0.741204 0.039062 0.078704
0 0.265885 0.632407 0.040104 0.083333
0 0.378906 0.740278 0.038021 0.115741
0 0.986198 0.728241 0.027604 0.049074
0 0.346615 0.649074 0.030729 0.081481
0 0.301563 0.634722 0.036458 0.080556
0 0.579688 0.634722 0.028125 0.075000
0 0.388281 0.645833 0.029687 0.080556
0 0.228125 0.619444 0.035417 0.070370
0 0.473698 0.655556 0.028646 0.087037
0 0.278125 0.488889 0.028125 0.055556
0 0.517969 0.625926 0.030729 0.087037
0 0.427604 0.639815 0.036458 0.092593
0 0.164323 0.707407 0.042188 0.075926
0 0.993750 0.773148 0.012500 0.050000
0 0.969036 0.650231 0.044219 0.049537
0 0.061880 0.907255 0.061323 0.047620
0 0.036505 0.781315 0.059917 0.066407
0 0.005036 0.867134 0.010073 0.047583
0 0.010674 0.466153 0.021349 0.040102
0 0.114747 0.434824 0.044411 0.050130
0 0.177484 0.456750 0.030312 0.048870
0 0.232815 0.469287 0.047932 0.041352
0 0.313174 0.489963 0.022557 0.052630
0 0.344190 0.488083 0.022557 0.046370
0 0.390359 0.471792 0.023260 0.056398
0 0.436880 0.479329 0.023260 0.058935
0 0.480935 0.479935 0.022557 0.050130
0 0.524289 0.491213 0.024672 0.060148
0 0.962023 0.613394 0.037359 0.031324
0 0.899992 0.498731 0.037359 0.057648
0 0.873206 0.498731 0.028901 0.050130
0 0.845013 0.496852 0.033130 0.053889
0 0.817169 0.503120 0.036651 0.053889
0 0.788268 0.504370 0.035245 0.053889
0 0.759013 0.505000 0.033130 0.052630
0 0.728352 0.503120 0.032422 0.056389
0 0.696633 0.508759 0.035245 0.060148
