0 0.137688 0.105243 0.038062 0.065292
0 0.120773 0.063951 0.031016 0.047625
2 0.113719 0.021326 0.038062 0.042653
0 0.718516 0.105306 0.035250 0.045111
2 0.779133 0.115264 0.050750 0.095361
0 0.677629 0.139076 0.046523 0.055264
1 0.726973 0.147215 0.057805 0.089097
0 0.090426 0.958042 0.111445 0.083917
0 0.047465 0.016938 0.035242 0.033875
0 0.052395 0.022576 0.035242 0.045153
0 0.057328 0.034500 0.038062 0.046361
0 0.753055 0.082125 0.036656 0.043861
0 0.807684 0.096535 0.017617 0.050125
0 0.830238 0.082750 0.028898 0.045111
0 0.848566 0.063951 0.021852 0.040097
0 0.163414 0.153486 0.044406 0.071556
0 0.201129 0.116521 0.040883 0.070292
0 0.208848 0.053861 0.036727 0.047750
0 0.235633 0.035063 0.032500 0.042736
