0 0.714660 0.543819 0.047227 0.030083
0 0.650871 0.577028 0.026789 0.036333
0 0.668457 0.571382 0.024039 0.027569
0 0.775246 0.526903 0.030383 0.021306
0 0.799211 0.536299 0.047297 0.030069
0 0.695629 0.554465 0.033133 0.018792
0 0.306250 0.868056 0.125000 0.097222
0 0.450781 0.917361 0.084375 0.159722
2 0.133203 0.775694 0.146094 0.165278
2 0.316406 0.675694 0.071875 0.151389
0 0.432031 0.687500 0.056250 0.066667
2 0.388281 0.618750 0.087500 0.084722
2 0.473242 0.645833 0.083828 0.116667
2 0.376953 0.679861 0.060156 0.109722
1 0.163281 0.689583 0.085938 0.126389
0 0.035937 0.913194 0.071875 0.109722
0 0.070395 0.874021 0.074008 0.071431
0 0.008234 0.619632 0.016469 0.043847
0 0.031941 0.615875 0.024039 0.043861
0 0.036172 0.583292 0.032500 0.031333
0 0.090836 0.575771 0.031719 0.028819
0 0.060492 0.610861 0.028969 0.046361
2 0.094324 0.608354 0.031789 0.046375
0 0.122875 0.611486 0.028266 0.045111
0 0.204676 0.567625 0.035242 0.035083
0 0.325566 0.550708 0.040180 0.033833
0 0.403102 0.540681 0.040172 0.033833
0 0.492625 0.531292 0.037359 0.022556
0 0.034797 0.659736 0.036656 0.043861
0 0.061586 0.662861 0.031016 0.045111
0 0.090484 0.668500 0.039469 0.053889
0 0.049250 0.720514 0.044406 0.067667
0 0.021629 0.705472 0.043258 0.070167
0 0.538758 0.665368 0.039547 0.062653
2 0.507742 0.567000 0.050828 0.053889
0 0.603289 0.664118 0.059922 0.055125
0 0.563109 0.650958 0.044406 0.053889
0 0.637477 0.543188 0.039469 0.036347
0 0.784410 0.551965 0.037430 0.028819
0 0.748812 0.543194 0.032500 0.031333
0 0.619855 0.533167 0.035242 0.028833
0 0.594445 0.547576 0.015578 0.027569
0 0.607836 0.588931 0.046594 0.037583
0 0.569770 0.603965 0.056461 0.052625
0 0.542633 0.615875 0.036016 0.043861
0 0.613121 0.626528 0.038836 0.045111
0 0.639203 0.621514 0.033203 0.042611
0 0.658586 0.611486 0.035313 0.040111
0 0.676914 0.602090 0.035312 0.041347
0 0.695945 0.597076 0.029672 0.031319
0 0.747051 0.576403 0.023336 0.032583
0 0.762203 0.570132 0.028266 0.027569
0 0.712160 0.580160 0.056461 0.047625
0 0.632191 0.581417 0.034539 0.032583
