0 0.573625 0.290146 0.033203 0.028819
0 0.632168 0.287632 0.028898 0.028819
2 0.755875 0.282625 0.023969 0.033833
0 0.200742 0.347785 0.047297 0.048875
0 0.133813 0.370340 0.050047 0.046375
0 0.105266 0.441771 0.050750 0.056403
0 0.551102 0.701167 0.030312 0.099000
0 0.360434 0.315201 0.045117 0.041347
0 0.415375 0.304549 0.040953 0.037597
0 0.467930 0.297660 0.037359 0.036347
0 0.529922 0.292035 0.036016 0.032597
0 0.454531 0.008167 0.019031 0.016333
0 0.610316 0.166639 0.021852 0.027694
0 0.581730 0.172285 0.024039 0.021431
0 0.547234 0.093326 0.018344 0.021403
0 0.491156 0.035694 0.016281 0.018917
