0 0.361109 0.112722 0.033937 0.057667
0 0.941797 0.259722 0.055469 0.058333
0 0.466016 0.427778 0.105469 0.100000
0 0.169531 0.433333 0.093750 0.097222
0 0.598437 0.252083 0.085938 0.093056
0 0.381215 0.024396 0.030383 0.036347
0 0.397656 0.174306 0.040625 0.065278
0 0.430469 0.066667 0.037500 0.047222
0 0.361867 0.010632 0.029609 0.021264
0 0.308613 0.041938 0.026148 0.041347
0 0.526457 0.021264 0.050055 0.035083
0 0.972648 0.132785 0.030313 0.037597
0 0.460547 0.100000 0.036719 0.047222
0 0.487891 0.128472 0.050781 0.062500
0 0.969531 0.850000 0.060937 0.163889
0 0.232031 0.452083 0.096875 0.131944
