0 0.653652 0.023792 0.031086 0.047583
0 0.589156 0.030660 0.026156 0.046375
0 0.625105 0.030035 0.036023 0.052625
0 0.543020 0.036924 0.033836 0.053875
0 0.122555 0.065125 0.038766 0.055139
0 0.153930 0.096444 0.040891 0.055139
0 0.230402 0.023764 0.041586 0.045111
0 0.193047 0.130285 0.050047 0.060153
0 0.236750 0.172264 0.051453 0.078944
0 0.227734 0.228472 0.060156 0.104167
0 0.179297 0.186806 0.044531 0.079167
0 0.293359 0.165278 0.057031 0.075000
0 0.663203 0.539583 0.064062 0.123611
0 0.281641 0.227083 0.058594 0.076389
0 0.358203 0.218750 0.064844 0.070833
0 0.358203 0.575000 0.125781 0.102778
0 0.914453 0.861111 0.146094 0.186111
