0 0.096875 0.729167 0.125000 0.191667
0 0.415625 0.270139 0.046875 0.056944
0 0.486328 0.237500 0.047656 0.050000
0 0.019922 0.874306 0.039844 0.140278
0 0.157812 0.600694 0.081250 0.156944
0 0.240234 0.687500 0.085156 0.166667
1 0.044922 0.220139 0.075781 0.081944
0 0.432422 0.216667 0.064844 0.050000
0 0.489453 0.320139 0.060156 0.076389
0 0.028906 0.334722 0.042188 0.066667
2 0.454297 0.177083 0.075781 0.070833
0 0.532777 0.149104 0.035945 0.030208
0 0.487312 0.170403 0.029609 0.035222
0 0.485551 0.155368 0.034539 0.025181
0 0.489039 0.146597 0.047297 0.030194
0 0.499297 0.133500 0.038063 0.023806
0 0.544531 0.451111 0.109375 0.088333
