0 0.370990 0.416671 0.070490 0.053898
0 0.593031 0.682282 0.095865 0.169306
0 0.419273 0.413486 0.028901 0.042731
0 0.423857 0.402208 0.046526 0.037713
0 0.445357 0.377144 0.026078 0.030194
0 0.665984 0.477458 0.057094 0.030083
0 0.362885 0.575139 0.076833 0.100370
0 0.402711 0.462421 0.067672 0.052639
0 0.431258 0.370250 0.024672 0.028944
0 0.275125 0.417306 0.028198 0.037593
0 0.249388 0.497491 0.048620 0.050167
0 0.373456 0.367181 0.016214 0.025065
0 0.360086 0.372824 0.027536 0.028796
0 0.340328 0.381616 0.030312 0.033787
0 0.327992 0.389727 0.025380 0.032602
0 0.308599 0.396611 0.033115 0.038815
0 0.291341 0.407301 0.026797 0.037565
0 0.370995 0.357167 0.033844 0.035111
0 0.256099 0.427343 0.031031 0.045130
0 0.234599 0.451125 0.034552 0.042565
0 0.344922 0.451759 0.053594 0.038889
0 0.465805 0.380912 0.028911 0.030213
