0 0.235340 0.485549 0.051461 0.073931
0 0.340719 0.540681 0.052156 0.076444
0 0.471828 0.375271 0.054984 0.068931
0 0.601176 0.288181 0.041586 0.055139
0 0.573684 0.259354 0.040180 0.050125
0 0.609281 0.086424 0.033828 0.050125
0 0.409410 0.803840 0.067039 0.104014
0 0.444656 0.758104 0.064219 0.082708
0 0.474613 0.719257 0.060695 0.080208
0 0.539813 0.636549 0.065625 0.090236
0 0.566602 0.588931 0.065625 0.082694
0 0.620172 0.529410 0.058578 0.063903
0 0.639906 0.488049 0.064219 0.073931
0 0.654359 0.452965 0.057875 0.071431
