0 0.007031 0.711574 0.014063 0.041667
0 0.870573 0.594444 0.021354 0.044444
0 0.726562 0.535648 0.028125 0.037963
0 0.771615 0.553704 0.025521 0.046296
0 0.024740 0.757870 0.035937 0.075000
0 0.966146 0.612037 0.020833 0.055556
0 0.937500 0.606481 0.020833 0.042593
0 0.842187 0.575926 0.022917 0.044444
0 0.092188 0.880556 0.043750 0.074074
0 0.246615 0.459259 0.027604 0.029630
0 0.812760 0.569444 0.022396 0.046296
0 0.157383 0.414148 0.019714 0.023815
0 0.188760 0.434199 0.021854 0.023806
0 0.125000 0.942593 0.050000 0.088889
