0 0.433738 0.117771 0.077539 0.057764
0 0.546484 0.215514 0.102984 0.085333
0 0.789355 0.104611 0.044414 0.049000
0 0.852445 0.063264 0.031016 0.041472
0 0.742832 0.081431 0.047227 0.047750
0 0.780156 0.061444 0.040250 0.047611
0 0.888391 0.035694 0.025375 0.031444
0 0.904922 0.023792 0.020516 0.030194
0 0.857730 0.020090 0.024664 0.027569
0 0.361137 0.206750 0.084586 0.082833
0 0.391445 0.053861 0.026797 0.052750
0 0.326246 0.035063 0.035945 0.045236
0 0.496441 0.253736 0.125539 0.126694
0 0.311742 0.268757 0.094484 0.109181
0 0.161973 0.110257 0.037430 0.042736
0 0.217305 0.126542 0.048000 0.047750
0 0.285324 0.156000 0.055758 0.061528
0 0.121789 0.095847 0.034609 0.038972
0 0.909188 0.185444 0.038766 0.057778
0 0.872887 0.115896 0.033836 0.046486
0 0.822453 0.075167 0.040250 0.052750
