0 0.725180 0.540083 0.030307 0.037593
0 0.550721 0.546995 0.042297 0.038806
0 0.166203 0.416657 0.023260 0.026315
0 0.189115 0.432319 0.021146 0.027565
0 0.848888 0.577056 0.021151 0.048870
0 0.935237 0.605250 0.019036 0.045111
0 0.965193 0.612144 0.016917 0.051380
0 0.985065 0.812014 0.029870 0.047620
0 0.088021 0.879630 0.042708 0.074074
0 0.057292 0.815741 0.038542 0.068519
0 0.026562 0.758333 0.037500 0.070370
0 0.124010 0.934861 0.043646 0.075278
0 0.018490 0.642593 0.035937 0.050000
0 0.792760 0.558333 0.025937 0.048148
0 0.907292 0.600463 0.021875 0.043519
0 0.877344 0.594907 0.021354 0.047222
0 0.749010 0.553796 0.023021 0.048333
0 0.014904 0.620912 0.029807 0.036343
