0 0.780348 0.575750 0.051695 0.048875
0 0.355891 0.847119 0.076672 0.105388
0 0.406367 0.823875 0.088500 0.099000
0 0.452184 0.792606 0.089289 0.096363
0 0.522672 0.748181 0.079891 0.067663
0 0.558699 0.726875 0.078320 0.070175
0 0.586543 0.701819 0.071352 0.067663
0 0.623355 0.689288 0.069633 0.077700
0 0.662867 0.679825 0.070484 0.061275
0 0.680527 0.646675 0.071352 0.060150
0 0.727914 0.615981 0.064297 0.046362
0 0.741187 0.602819 0.057953 0.052638
0 0.755676 0.588344 0.060305 0.053762
0 0.794094 0.557081 0.057094 0.056388
0 0.823816 0.541356 0.054039 0.045237
0 0.836352 0.511838 0.049344 0.038850
0 0.853187 0.506894 0.042297 0.043987
0 0.865328 0.499938 0.039938 0.040100
0 0.876293 0.493737 0.036805 0.037725
0 0.881777 0.481206 0.041508 0.032713
0 0.950305 0.749313 0.073625 0.060150
0 0.942477 0.793856 0.081453 0.063787
0 0.886082 0.908581 0.108086 0.105263
0 0.860625 0.970581 0.099469 0.058838
0 0.091520 0.954294 0.072836 0.091412
0 0.618227 0.760025 0.070484 0.076575
0 0.788961 0.701131 0.050125 0.064038
0 0.842301 0.717988 0.048555 0.060150
0 0.801102 0.619675 0.044641 0.059025
0 0.893953 0.582081 0.032813 0.046487
0 0.917801 0.494925 0.027414 0.037600
0 0.712211 0.639663 0.057953 0.053875
0 0.910754 0.403575 0.035242 0.020050
0 0.775258 0.365288 0.028984 0.021425
