0 0.143328 0.536319 0.080359 0.140472
0 0.061879 0.276924 0.062805 0.057764
0 0.234926 0.270028 0.070555 0.054000
0 0.292762 0.313889 0.046523 0.071556
0 0.355852 0.255618 0.082469 0.060264
0 0.465777 0.313264 0.088180 0.062778
1 0.388945 0.355243 0.174172 0.159264
0 0.020207 0.818958 0.040414 0.134083
0 0.417527 0.174792 0.052164 0.041472
0 0.433000 0.165389 0.042359 0.037722
0 0.440789 0.142833 0.050750 0.040222
0 0.449246 0.129049 0.059211 0.052764
0 0.466168 0.114014 0.040883 0.035222
0 0.474977 0.106493 0.038766 0.035208
0 0.487984 0.100854 0.033906 0.031458
0 0.500352 0.091458 0.038766 0.030194
0 0.505641 0.083312 0.042297 0.031458
0 0.461934 0.060819 0.040883 0.028833
