0 0.591973 0.638431 0.031789 0.043861
0 0.614883 0.630910 0.033906 0.046375
0 0.642355 0.621493 0.039508 0.045069
0 0.666691 0.609604 0.037430 0.036347
0 0.682199 0.598333 0.038836 0.043861
1 0.713570 0.579535 0.052234 0.051375
0 0.746699 0.573889 0.026852 0.032583
0 0.759035 0.565125 0.026148 0.032583
0 0.784410 0.548826 0.037430 0.030069
0 0.529980 0.617125 0.027492 0.031333
0 0.549719 0.614618 0.030312 0.031319
0 0.571922 0.607729 0.032422 0.030069
0 0.593422 0.595819 0.041594 0.036333
0 0.617723 0.588931 0.040914 0.032583
0 0.632895 0.583292 0.040180 0.036333
0 0.655449 0.575771 0.033133 0.028819
0 0.668844 0.568257 0.031719 0.026319
0 0.594441 0.546951 0.016992 0.026319
0 0.612418 0.538806 0.028977 0.032583
0 0.644844 0.531917 0.036016 0.031333
0 0.688582 0.528153 0.027492 0.031333
1 0.713605 0.545069 0.046523 0.032583
0 0.750262 0.536924 0.028195 0.023819
0 0.794277 0.525646 0.017695 0.016292
0 0.806965 0.543194 0.020508 0.021306
0 0.816484 0.537556 0.021219 0.022556
0 0.837980 0.521264 0.026148 0.020056
0 0.770348 0.528153 0.031727 0.023806
0 0.062641 0.664118 0.037359 0.052625
0 0.442223 0.939201 0.076133 0.121597
0 0.035844 0.908472 0.071219 0.077694
0 0.093973 0.730528 0.053648 0.077694
0 0.093621 0.662236 0.051523 0.066417
0 0.048191 0.721139 0.049336 0.063917
0 0.029512 0.701090 0.040180 0.073931
0 0.008941 0.617125 0.017883 0.046361
0 0.031941 0.615243 0.024039 0.040097
0 0.057672 0.615243 0.023328 0.040097
0 0.087273 0.615243 0.027563 0.037597
0 0.117941 0.608979 0.031086 0.042597
0 0.148266 0.605222 0.031125 0.037583
0 0.402395 0.672896 0.045820 0.060153
2 0.368176 0.587049 0.062102 0.053875
2 0.465801 0.642819 0.105102 0.135333
0 0.536289 0.662243 0.044484 0.061403
0 0.568363 0.650340 0.039539 0.050125
