0 0.448918 0.921035 0.082477 0.157931
0 0.031941 0.615243 0.024039 0.040097
0 0.090449 0.575771 0.032492 0.028819
0 0.608223 0.585799 0.041586 0.038847
0 0.750574 0.543188 0.024742 0.028819
0 0.726293 0.515618 0.033836 0.028819
0 0.686816 0.522514 0.028195 0.022556
0 0.715012 0.542562 0.047930 0.027569
2 0.570160 0.604597 0.061320 0.043861
0 0.060141 0.612743 0.028266 0.040097
0 0.020699 0.709229 0.039477 0.070181
0 0.121113 0.612743 0.030383 0.037597
0 0.093270 0.671639 0.043773 0.057639
0 0.050305 0.720514 0.047937 0.067667
0 0.085516 0.725521 0.048000 0.065153
2 0.472852 0.649083 0.091000 0.120306
0 0.432672 0.687299 0.055750 0.061403
0 0.377687 0.676028 0.058578 0.099000
1 0.125340 0.803840 0.079727 0.096486
2 0.317422 0.677903 0.071969 0.140361
1 0.168336 0.687306 0.058578 0.124056
2 0.092918 0.604597 0.026148 0.041361
0 0.305125 0.871507 0.124766 0.093986
0 0.008234 0.617750 0.016469 0.047611
0 0.059469 0.663493 0.032422 0.053875
0 0.033387 0.658479 0.035242 0.053875
0 0.011887 0.659104 0.021852 0.042597
0 0.070711 0.875896 0.079016 0.070181
0 0.037488 0.912236 0.074977 0.102750
0 0.403773 0.542562 0.040250 0.035097
2 0.505977 0.565750 0.052937 0.056389
1 0.386852 0.612111 0.091000 0.068917
0 0.561312 0.651590 0.052234 0.052625
0 0.590211 0.633417 0.035313 0.036333
0 0.610305 0.630285 0.047297 0.047625
0 0.636738 0.621514 0.038133 0.042611
0 0.659645 0.609604 0.038836 0.038847
0 0.636738 0.541937 0.042367 0.033847
0 0.687488 0.597701 0.043773 0.042597
0 0.712160 0.580160 0.057867 0.052625
0 0.748812 0.576396 0.024031 0.027569
0 0.782645 0.553215 0.031086 0.031319
0 0.799215 0.539431 0.048711 0.043861
0 0.775281 0.525646 0.033125 0.026319
0 0.632191 0.579528 0.033133 0.031333
0 0.667434 0.570764 0.026086 0.031333
0 0.650867 0.573271 0.031016 0.026319
