0 0.751615 0.253745 0.053573 0.053880
0 0.712844 0.238083 0.050750 0.050130
0 0.689583 0.495833 0.116667 0.141667
0 0.554427 0.585648 0.185938 0.219444
0 0.826302 0.846296 0.195312 0.300000
0 0.315104 0.767130 0.262500 0.271296
0 0.679010 0.226801 0.050750 0.055139
0 0.539440 0.215528 0.047932 0.060148
0 0.599359 0.202995 0.036656 0.042602
0 0.630724 0.214898 0.059917 0.041352
0 0.922901 0.317028 0.045115 0.067667
0 0.948628 0.301366 0.024672 0.046361
0 0.935591 0.275051 0.047932 0.046361
0 0.948982 0.273167 0.038068 0.037593
0 0.966604 0.265023 0.038063 0.038843
0 0.975065 0.252491 0.035245 0.033833
0 0.982112 0.246852 0.035245 0.035093
0 0.952083 0.612500 0.090625 0.173148
0 0.782292 0.426852 0.101042 0.122222
0 0.720313 0.287037 0.087500 0.075926
0 0.821354 0.324074 0.095833 0.064815
0 0.842708 0.385185 0.063542 0.096296
0 0.051042 0.927315 0.101042 0.139815
0 0.624740 0.253704 0.083854 0.064815
