0 0.470313 0.502315 0.044792 0.034259
0 0.501823 0.684259 0.034896 0.079630
0 0.687500 0.840278 0.080208 0.082407
0 0.432552 0.890741 0.080729 0.079630
0 0.526648 0.484722 0.018797 0.039685
0 0.584375 0.471296 0.021875 0.044444
0 0.452604 0.652315 0.060417 0.056481
0 0.456250 0.581019 0.060417 0.054630
0 0.572466 0.419972 0.015276 0.027148
0 0.594201 0.357838 0.011745 0.028194
0 0.535753 0.356796 0.014682 0.032370
0 0.436188 0.475319 0.017625 0.033417
0 0.410047 0.476366 0.018208 0.031324
0 0.526651 0.451824 0.016448 0.028204
0 0.525180 0.412667 0.014682 0.029241
0 0.574523 0.358880 0.012339 0.024019
