0 0.189583 0.579167 0.034375 0.069444
0 0.874740 0.472222 0.020313 0.029630
0 0.757812 0.531481 0.046875 0.048148
0 0.892708 0.441250 0.014583 0.023056
0 0.342969 0.832407 0.173437 0.138889
0 0.270573 0.458333 0.018229 0.027778
0 0.554948 0.586111 0.075521 0.062963
0 0.241276 0.417907 0.011281 0.016296
0 0.226826 0.422292 0.013391 0.017546
0 0.244448 0.436079 0.013396 0.020046
0 0.822102 0.446102 0.023964 0.027574
0 0.814063 0.452315 0.025000 0.030556
0 0.224479 0.495370 0.020833 0.031481
0 0.202604 0.533796 0.027083 0.050926
0 0.239505 0.461435 0.017552 0.026574
