0 0.836352 0.511838 0.049344 0.038850
0 0.823816 0.541356 0.054039 0.045237
0 0.794094 0.557081 0.057094 0.056388
0 0.780348 0.575750 0.051695 0.048875
0 0.741187 0.602819 0.057953 0.052638
0 0.727914 0.615981 0.064297 0.046362
0 0.680527 0.646675 0.071352 0.060150
0 0.662867 0.679825 0.070484 0.061275
0 0.623355 0.689288 0.069633 0.077700
0 0.586543 0.701819 0.071352 0.067663
0 0.558699 0.726875 0.078320 0.070175
0 0.522672 0.748181 0.079891 0.067663
0 0.452184 0.792606 0.089289 0.096363
0 0.406367 0.823875 0.088500 0.099000
0 0.355891 0.847119 0.076672 0.105388
0 0.908012 0.875938 0.098680 0.082825
0 0.891176 0.914725 0.097898 0.072675
0 0.862977 0.952381 0.110437 0.082588
0 0.112270 0.969956 0.072055 0.060088
0 0.060191 0.906637 0.060305 0.109150
0 0.347629 0.959931 0.122961 0.080138
0 0.474508 0.968013 0.099469 0.063975
0 0.474938 0.876500 0.090781 0.101500
0 0.631930 0.763094 0.074406 0.085212
0 0.785828 0.700437 0.062656 0.082700
0 0.845746 0.973650 0.097898 0.052700
0 0.881777 0.481206 0.041508 0.032713
0 0.950305 0.749313 0.073625 0.060150
0 0.942477 0.793856 0.081453 0.063787
0 0.010320 0.738725 0.020641 0.079075
0 0.917805 0.497494 0.025844 0.040237
0 0.869637 0.555700 0.034461 0.048875
0 0.708297 0.639094 0.068922 0.065287
0 0.876293 0.493737 0.036805 0.037725
0 0.865328 0.499938 0.039938 0.040100
0 0.853187 0.506894 0.042297 0.043987
0 0.750965 0.585856 0.050883 0.048787
0 0.890430 0.408581 0.032187 0.022563
0 0.735313 0.362781 0.025844 0.023938
