0 0.543375 0.535042 0.079656 0.112778
2 0.840133 0.103972 0.044406 0.055139
0 0.715367 0.669132 0.044406 0.120292
0 0.304770 0.819507 0.097273 0.165403
0 0.804535 0.955493 0.064852 0.089014
0 0.824941 0.761236 0.063508 0.144111
0 0.719559 0.523771 0.038836 0.115292
0 0.753746 0.394063 0.043773 0.083958
0 0.703031 0.297583 0.038063 0.066417
0 0.572941 0.263118 0.055758 0.082708
0 0.518008 0.305722 0.068359 0.097750
0 0.256840 0.893437 0.109961 0.185458
0 0.348473 0.766875 0.095867 0.152889
0 0.514121 0.568257 0.087398 0.126569
0 0.586020 0.048826 0.022555 0.040097
0 0.797836 0.085799 0.024672 0.041347
0 0.735457 0.195444 0.029602 0.042611
2 0.833789 0.148451 0.055688 0.063903
0 0.574039 0.482396 0.081766 0.122847
0 0.631098 0.429153 0.067742 0.086472
0 0.605402 0.457354 0.078242 0.095236
0 0.474648 0.627771 0.091641 0.125292
