0 0.896840 0.292563 0.031086 0.028819
2 0.433359 0.509979 0.054375 0.062653
0 0.469324 0.479910 0.043070 0.042597
0 0.486945 0.465493 0.033203 0.036347
0 0.504566 0.446076 0.037430 0.037597
0 0.517258 0.421632 0.040250 0.038847
0 0.685020 0.314493 0.023336 0.035097
0 0.563113 0.355847 0.034539 0.025056
0 0.557086 0.366500 0.026859 0.021306
0 0.543332 0.383403 0.037445 0.035139
0 0.528184 0.407847 0.035320 0.033833
0 0.860574 0.377153 0.026086 0.032583
0 0.853879 0.440438 0.039477 0.028819
0 0.851059 0.457972 0.040883 0.033833
0 0.843305 0.475528 0.042297 0.033833
0 0.832027 0.494319 0.039477 0.028833
0 0.826387 0.521257 0.049336 0.040097
0 0.820750 0.549458 0.049344 0.046361
0 0.797840 0.614625 0.054273 0.056389
0 0.798828 0.467361 0.032031 0.051389
0 0.786508 0.642722 0.053391 0.046000
0 0.811992 0.577569 0.055234 0.047639
0 0.643320 0.550903 0.055391 0.050139
1 0.737266 0.764583 0.079219 0.098611
1 0.620703 0.591667 0.080469 0.080556
0 0.772500 0.682431 0.059062 0.065694
0 0.325391 0.483333 0.038281 0.052778
0 0.307812 0.940972 0.065625 0.084722
0 0.426563 0.827083 0.075000 0.068056
2 0.127844 0.907854 0.064844 0.126569
0 0.238863 0.649715 0.042992 0.053875
0 0.031590 0.771257 0.043070 0.061403
0 0.009996 0.836424 0.019992 0.056403
0 0.655449 0.521910 0.051461 0.048819
0 0.668141 0.508104 0.050047 0.048875
0 0.679066 0.484292 0.046523 0.043861
0 0.689285 0.462368 0.045820 0.037597
0 0.699855 0.439181 0.047227 0.041361
0 0.706555 0.420389 0.042297 0.033833
0 0.718539 0.404722 0.038063 0.035083
0 0.730168 0.391563 0.038773 0.028819
0 0.737570 0.377153 0.036656 0.032583
0 0.786910 0.333917 0.016914 0.028833
0 0.768246 0.330785 0.016180 0.030069
0 0.726996 0.321382 0.019742 0.028819
0 0.664578 0.337056 0.034609 0.032583
0 0.706555 0.322014 0.018328 0.030083
0 0.726961 0.270632 0.036719 0.030069
0 0.517645 0.309479 0.022555 0.025069
0 0.540203 0.286299 0.019734 0.026319
0 0.558535 0.261861 0.022539 0.022556
0 0.520078 0.279410 0.023328 0.030069
2 0.583906 0.337681 0.045109 0.046361
