0 0.314844 0.767593 0.263021 0.272222
0 0.555469 0.585185 0.186979 0.218519
0 0.825781 0.846759 0.195312 0.300926
0 0.688802 0.494907 0.119271 0.145370
0 0.951823 0.612037 0.090104 0.172222
0 0.779948 0.423148 0.086979 0.107407
0 0.719271 0.286574 0.087500 0.076852
0 0.076563 0.892593 0.153125 0.209259
0 0.844531 0.386111 0.059896 0.092593
0 0.599479 0.246296 0.063542 0.053704
0 0.540164 0.216745 0.047932 0.057769
0 0.679023 0.227394 0.050755 0.054009
0 0.753393 0.251829 0.054276 0.050250
0 0.711451 0.234977 0.050755 0.041361
0 0.634971 0.213676 0.047224 0.048870
0 0.600078 0.202394 0.036656 0.043861
0 0.921862 0.315181 0.045818 0.066417
0 0.944417 0.305088 0.026083 0.043991
0 0.935253 0.273764 0.051453 0.038972
0 0.952875 0.269375 0.040177 0.040231
0 0.963799 0.264991 0.043703 0.041481
0 0.972612 0.249949 0.042995 0.038972
0 0.984016 0.246819 0.031969 0.037713
