0 0.213281 0.580556 0.132812 0.119444
0 0.228254 0.032542 0.038836 0.047611
0 0.115156 0.089563 0.038062 0.061403
0 0.144762 0.125271 0.045117 0.057653
0 0.186348 0.170382 0.046523 0.072681
0 0.743750 0.418056 0.101562 0.100000
0 0.735938 0.019444 0.062500 0.038889
0 0.655078 0.018750 0.039844 0.034722
0 0.326562 0.233333 0.059375 0.083333
0 0.285156 0.263889 0.062500 0.083333
0 0.316406 0.169444 0.051562 0.055556
0 0.359375 0.214583 0.057813 0.068056
0 0.230758 0.200458 0.060625 0.100250
0 0.275871 0.173521 0.060617 0.083958
0 0.258246 0.127771 0.046523 0.050125
0 0.087664 0.063243 0.035250 0.053875
