0 0.655078 0.018750 0.039844 0.034722
0 0.247656 0.232639 0.057813 0.073611
0 0.203949 0.012549 0.046523 0.025097
0 0.153906 0.130556 0.046875 0.058333
0 0.227344 0.027083 0.037500 0.051389
0 0.201129 0.184188 0.045117 0.057764
0 0.383203 0.654861 0.135156 0.118056
0 0.048828 0.778472 0.097656 0.129167
0 0.875000 0.493056 0.104688 0.088889
0 0.342969 0.529861 0.125000 0.115278
0 0.669141 0.563194 0.124219 0.101389
0 0.335156 0.268056 0.062500 0.080556
0 0.977734 0.338194 0.044531 0.068056
0 0.605078 0.316667 0.094531 0.072222
0 0.400000 0.203472 0.059375 0.068056
1 0.755859 0.381944 0.167969 0.158333
0 0.019922 0.629861 0.039844 0.090278
0 0.735547 0.019444 0.061719 0.038889
