0 0.847531 0.471139 0.043703 0.035083
0 0.839781 0.488056 0.043703 0.033833
0 0.830969 0.510611 0.045813 0.041361
0 0.827797 0.537549 0.045109 0.047625
0 0.814758 0.561986 0.050047 0.043861
0 0.648398 0.385299 0.037359 0.028819
0 0.625844 0.416625 0.043000 0.031333
2 0.583516 0.335167 0.045891 0.046361
0 0.568363 0.355222 0.032492 0.026306
0 0.609633 0.451743 0.043000 0.033764
0 0.601879 0.472389 0.044414 0.035083
0 0.587430 0.489306 0.050750 0.043861
0 0.516906 0.427278 0.040953 0.032583
0 0.499637 0.444819 0.043070 0.037583
0 0.480953 0.459861 0.046594 0.042611
0 0.726293 0.423514 0.039477 0.032583
0 0.851762 0.451715 0.039477 0.028819
0 0.315344 0.254965 0.018328 0.016292
0 0.389359 0.244319 0.025375 0.022556
0 0.422098 0.250590 0.020508 0.017542
0 0.408391 0.256222 0.025375 0.018806
0 0.728055 0.319507 0.020437 0.040097
0 0.646992 0.365243 0.041594 0.028819
0 0.635363 0.399083 0.040883 0.033833
0 0.750258 0.387181 0.043703 0.035083
0 0.737922 0.405972 0.038766 0.035083
0 0.868324 0.396576 0.040180 0.036347
0 0.804184 0.590187 0.048633 0.040097
0 0.775988 0.654722 0.059914 0.053889
0 0.792969 0.624306 0.059375 0.062500
0 0.540234 0.565278 0.058594 0.050000
0 0.359375 0.631944 0.050000 0.050000
0 0.764062 0.691667 0.068750 0.072222
0 0.558203 0.668750 0.061719 0.059722
0 0.280859 0.741667 0.057031 0.072222
0 0.326953 0.958333 0.069531 0.077778
0 0.481641 0.764583 0.069531 0.073611
0 0.439063 0.811111 0.062500 0.069444
0 0.387109 0.584722 0.049219 0.055556
0 0.517578 0.591667 0.055469 0.050000
0 0.127734 0.902778 0.066406 0.122222
0 0.741406 0.764583 0.075000 0.079167
0 0.303516 0.706944 0.057031 0.058333
0 0.538281 0.697222 0.068750 0.066667
0 0.338281 0.666667 0.046875 0.050000
0 0.596484 0.604861 0.058594 0.056944
0 0.510938 0.729167 0.059375 0.069444
0 0.285547 0.979167 0.060156 0.038889
2 0.670312 0.669444 0.053125 0.136111
0 0.775598 0.265625 0.031086 0.020056
0 0.731895 0.263743 0.029680 0.023819
1 0.597652 0.232417 0.027492 0.033833
0 0.779125 0.282542 0.033906 0.023806
0 0.825293 0.281292 0.028977 0.021306
0 0.464391 0.484292 0.038844 0.033833
0 0.878547 0.299451 0.032422 0.027569
0 0.465449 0.504972 0.011352 0.030083
2 0.434117 0.509979 0.055687 0.070181
0 0.753781 0.369007 0.038063 0.028819
0 0.858105 0.436674 0.038070 0.031319
0 0.861980 0.415368 0.040180 0.028819
2 0.627961 0.561361 0.069781 0.067667
0 0.636066 0.536299 0.045117 0.032569
0 0.660387 0.518757 0.052867 0.047625
0 0.671309 0.494944 0.047930 0.040111
0 0.694223 0.480535 0.040180 0.038847
0 0.706203 0.459229 0.043000 0.036347
0 0.350590 0.239937 0.033836 0.026319
0 0.319535 0.228028 0.018398 0.015028
0 0.751316 0.322014 0.021852 0.040111
0 0.773484 0.331410 0.015578 0.026319
0 0.797098 0.334542 0.017695 0.035083
0 0.541223 0.389056 0.036023 0.028833
0 0.709727 0.436049 0.041594 0.035097
0 0.553207 0.369007 0.037430 0.031319
0 0.635711 0.340812 0.037359 0.027569
0 0.762242 0.355854 0.036656 0.027569
0 0.663203 0.331410 0.031719 0.028819
