0 0.058078 0.610861 0.025406 0.041361
2 0.091188 0.607729 0.026781 0.047625
0 0.120793 0.612111 0.028195 0.041361
0 0.007531 0.619007 0.015063 0.050125
0 0.010352 0.665993 0.020703 0.051375
0 0.023859 0.705472 0.047250 0.070167
0 0.060527 0.664750 0.034539 0.056389
0 0.035152 0.654722 0.031711 0.043861
0 0.091055 0.672917 0.041328 0.056944
0 0.018105 0.961132 0.036211 0.077736
0 0.712863 0.580785 0.052227 0.051375
0 0.657527 0.610229 0.037430 0.040097
0 0.639203 0.621514 0.031797 0.042611
0 0.614887 0.629028 0.036727 0.045111
0 0.591977 0.636549 0.030375 0.037597
0 0.565543 0.651590 0.043773 0.052625
0 0.376984 0.681660 0.057172 0.107764
0 0.030566 0.616500 0.022555 0.045111
2 0.313281 0.668056 0.076563 0.144444
0 0.642727 0.534424 0.023328 0.026319
0 0.624402 0.538174 0.026148 0.028819
0 0.604313 0.540056 0.035313 0.035083
0 0.480992 0.631535 0.050750 0.040097
0 0.478844 0.671639 0.052234 0.055139
2 0.507035 0.565125 0.055055 0.055139
2 0.324473 0.538806 0.076195 0.057639
0 0.404512 0.541938 0.040180 0.031319
0 0.249437 0.692312 0.050047 0.124069
0 0.168340 0.789431 0.079727 0.085222
0 0.085273 0.726389 0.050234 0.075000
0 0.684324 0.603972 0.036039 0.042611
0 0.515180 0.615250 0.050047 0.042611
0 0.747402 0.577653 0.024039 0.035083
0 0.430469 0.684514 0.053125 0.075417
0 0.529227 0.665993 0.057203 0.061403
0 0.543688 0.613993 0.028266 0.035097
0 0.784766 0.551958 0.038125 0.031333
0 0.799219 0.537549 0.040312 0.037597
0 0.764355 0.532542 0.033836 0.032583
0 0.712547 0.546319 0.048641 0.032583
0 0.667047 0.572014 0.022625 0.031333
0 0.651891 0.575771 0.028969 0.026319
0 0.633953 0.583292 0.036656 0.031333
0 0.609633 0.587674 0.040172 0.037597
0 0.572273 0.603972 0.038766 0.042611
