0 0.115977 0.094444 0.032109 0.047222
0 0.520312 0.461806 0.090625 0.118056
0 0.310547 0.141667 0.052344 0.058333
0 0.590625 0.202083 0.053125 0.087500
0 0.556641 0.111111 0.057031 0.063889
2 0.109375 0.020833 0.043750 0.041667
0 0.636719 0.022917 0.048438 0.045833
0 0.389688 0.008792 0.031719 0.017583
0 0.419645 0.016313 0.039477 0.032625
0 0.460172 0.021951 0.044406 0.043903
0 0.488016 0.032563 0.045109 0.052764
0 0.519703 0.056437 0.048000 0.050125
0 0.897910 0.201104 0.016211 0.054014
0 0.867953 0.184812 0.023969 0.054014
0 0.838699 0.145965 0.028898 0.064042
0 0.810148 0.525729 0.042297 0.058903
0 0.033984 0.029861 0.021094 0.034722
0 0.749219 0.084722 0.032813 0.061111
0 0.778125 0.097917 0.031250 0.051389
0 0.539844 0.076389 0.051562 0.055556
0 0.234531 0.093750 0.035625 0.043056
0 0.158203 0.052083 0.030469 0.040278
0 0.023117 0.736056 0.036391 0.060944
0 0.714844 0.063194 0.034375 0.056944
0 0.684766 0.054167 0.024219 0.050000
0 0.678125 0.421528 0.079687 0.090278
0 0.796094 0.384722 0.067187 0.083333
