0 0.160898 0.762708 0.088984 0.116250
0 0.514453 0.251389 0.066406 0.094444
0 0.378430 0.451083 0.088109 0.100250
0 0.325883 0.392188 0.077609 0.115292
0 0.961328 0.584722 0.077344 0.133333
0 0.569922 0.204167 0.047656 0.063889
0 0.730520 0.063868 0.028195 0.045125
0 0.768551 0.069507 0.052227 0.068931
0 0.687172 0.642813 0.117719 0.105264
0 0.388164 0.621736 0.098203 0.103750
0 0.908984 0.637500 0.117969 0.158333
0 0.646484 0.135417 0.050781 0.059722
0 0.655859 0.175000 0.058594 0.063889
0 0.608203 0.129167 0.049219 0.066667
0 0.126953 0.703403 0.086719 0.111250
