0 0.476031 0.108375 0.043703 0.036472
0 0.493656 0.095215 0.036656 0.030208
0 0.498238 0.081431 0.044414 0.030194
0 0.507016 0.075167 0.040953 0.032694
0 0.546875 0.090201 0.019031 0.030208
0 0.113684 0.709937 0.118492 0.129069
0 0.044172 0.839014 0.088344 0.164167
0 0.194434 0.573910 0.102211 0.168042
0 0.295582 0.452986 0.071898 0.114167
0 0.660715 0.358375 0.093039 0.072806
0 0.414711 0.163514 0.062031 0.041472
0 0.435148 0.149729 0.043703 0.033958
0 0.449953 0.135319 0.052156 0.037722
0 0.460844 0.124042 0.048703 0.037722
