0 0.460527 0.131000 0.053570 0.033833
0 0.486570 0.174229 0.040953 0.042597
0 0.445727 0.143528 0.049344 0.036333
0 0.476352 0.109625 0.041656 0.028944
0 0.492211 0.095222 0.039547 0.027694
0 0.501375 0.082062 0.048000 0.033958
0 0.113281 0.708333 0.120313 0.133333
0 0.133203 0.599306 0.114844 0.143056
0 0.040625 0.854861 0.081250 0.148611
2 0.542578 0.286806 0.122656 0.115278
0 0.500000 0.215972 0.042188 0.054167
0 0.435547 0.230556 0.041406 0.069444
0 0.041797 0.227083 0.058594 0.051389
0 0.542188 0.187500 0.029687 0.038889
0 0.417969 0.170139 0.056250 0.043056
0 0.698945 0.366667 0.085391 0.063889
0 0.453906 0.197222 0.037500 0.044444
0 0.431238 0.159819 0.055758 0.031333
