0 0.354113 0.759354 0.071898 0.072681
0 0.712195 0.901583 0.086000 0.091472
0 0.382270 0.843938 0.087477 0.071431
0 0.348473 0.858354 0.091633 0.070181
0 0.418223 0.814493 0.076195 0.057653
0 0.439016 0.801965 0.068438 0.050125
0 0.452410 0.788806 0.068445 0.048861
0 0.558848 0.749958 0.050117 0.033833
0 0.594793 0.746826 0.031789 0.030069
0 0.607133 0.740562 0.033906 0.030069
0 0.140496 0.831417 0.043773 0.066417
0 0.180324 0.826396 0.057164 0.061403
0 0.203230 0.811361 0.063508 0.061417
0 0.238121 0.804472 0.043070 0.055139
0 0.265594 0.795729 0.041625 0.055069
