0 0.725918 0.093333 0.047227 0.061528
0 0.793937 0.050729 0.042297 0.051514
0 0.839051 0.068271 0.035242 0.043986
0 0.830910 0.030743 0.028977 0.036347
0 0.771031 0.192333 0.086703 0.081583
0 0.565520 0.256243 0.118492 0.086597
0 0.083293 0.943000 0.166586 0.114000
0 0.861922 0.048910 0.027563 0.040097
0 0.071746 0.120910 0.028977 0.046486
2 0.030512 0.131562 0.036727 0.067792
0 0.304043 0.027549 0.047930 0.045236
0 0.263512 0.026292 0.041586 0.037722
0 0.244465 0.021278 0.031742 0.037722
0 0.114426 0.028799 0.022555 0.025181
0 0.095746 0.027542 0.017617 0.027694
0 0.856672 0.129681 0.040875 0.051500
0 0.782309 0.110882 0.045820 0.056514
