0 0.119497 0.131014 0.022839 0.025713
0 0.059443 0.177634 0.021146 0.031731
0 0.075938 0.161917 0.020302 0.030074
0 0.056906 0.148384 0.021146 0.027065
1 0.076742 0.112218 0.030536 0.063306
0 0.445573 0.470833 0.052604 0.112037
0 0.748177 0.411111 0.068229 0.079630
0 0.875260 0.317130 0.049479 0.063889
0 0.519010 0.455556 0.045312 0.096296
1 0.202865 0.224074 0.106771 0.120370
0 0.525260 0.342593 0.070312 0.066667
0 0.861458 0.135648 0.034375 0.041667
1 0.419531 0.234259 0.099479 0.085185
1 0.165885 0.456481 0.132812 0.170370
0 0.394701 0.150801 0.051641 0.040954
0 0.281771 0.202778 0.065625 0.075926
0 0.934115 0.111111 0.042188 0.068519
0 0.106250 0.227315 0.033333 0.043519
0 0.105208 0.190278 0.030208 0.036111
1 0.945909 0.316731 0.061745 0.102407
1 0.982893 0.267935 0.034214 0.088722
2 0.977206 0.203194 0.041443 0.067815
0 0.994312 0.153648 0.011375 0.037593
0 0.352534 0.140787 0.043984 0.036241
0 0.299667 0.122741 0.046521 0.030222
0 0.174013 0.279889 0.038995 0.058796
0 0.134299 0.248310 0.035526 0.049769
0 0.139799 0.202519 0.026224 0.039093
0 0.084396 0.211468 0.025375 0.039250
0 0.069594 0.197162 0.024531 0.037713
0 0.140646 0.137028 0.026219 0.034741
2 0.171055 0.154398 0.048297 0.051130
0 0.198122 0.092671 0.027995 0.024213
0 0.174437 0.085903 0.017844 0.022713
0 0.156294 0.082894 0.021995 0.022713
0 0.201971 0.067181 0.028755 0.024065
0 0.097083 0.170185 0.025375 0.028574
0 0.036141 0.191162 0.023771 0.031731
0 0.018841 0.178458 0.021151 0.030083
