0 0.825859 0.572222 0.025677 0.046296
0 0.088281 0.880556 0.042188 0.077778
0 0.019010 0.641852 0.036979 0.045926
0 0.798229 0.566574 0.022500 0.040556
0 0.056510 0.816667 0.036979 0.066667
0 0.122151 0.939838 0.045115 0.077694
0 0.025932 0.758134 0.035948 0.070176
0 0.015609 0.624046 0.031219 0.045111
0 0.724477 0.545097 0.028901 0.040102
0 0.876380 0.595227 0.021146 0.050120
0 0.754081 0.550741 0.026078 0.041352
0 0.550367 0.548231 0.041589 0.041352
0 0.189115 0.431690 0.021146 0.021306
0 0.166206 0.417907 0.021849 0.031333
0 0.985417 0.809519 0.029167 0.042630
0 0.934883 0.605880 0.018328 0.048870
0 0.965195 0.612769 0.018328 0.052630
