0 0.133984 0.368056 0.050781 0.047222
2 0.755547 0.281292 0.024672 0.033833
0 0.490828 0.035674 0.015578 0.018792
0 0.546863 0.093944 0.017695 0.022556
0 0.611008 0.166618 0.020516 0.027569
0 0.581758 0.173514 0.021219 0.021306
0 0.531391 0.820764 0.050047 0.065167
0 0.551480 0.699833 0.029602 0.096500
0 0.617707 0.277528 0.049414 0.048861
0 0.573684 0.288806 0.033133 0.026306
0 0.529629 0.293819 0.036648 0.033833
0 0.008586 0.421007 0.017172 0.040097
0 0.415625 0.302778 0.042188 0.036111
0 0.467187 0.296528 0.037500 0.034722
0 0.267578 0.328472 0.044531 0.048611
0 0.360938 0.312500 0.045312 0.038889
0 0.201563 0.346528 0.046875 0.045833
