0 0.605695 0.738076 0.033906 0.035208
0 0.716719 0.707993 0.021922 0.022681
0 0.263477 0.793840 0.052937 0.059014
0 0.234223 0.806368 0.050820 0.051514
0 0.196547 0.813257 0.076828 0.065292
0 0.180301 0.826424 0.055758 0.054014
0 0.148969 0.832063 0.069078 0.057764
0 0.841871 0.758125 0.033836 0.045250
0 0.315684 0.874632 0.089492 0.075375
0 0.352293 0.859062 0.086773 0.071431
0 0.384012 0.845222 0.093820 0.071556
0 0.403746 0.823292 0.081133 0.060278
0 0.423164 0.813264 0.069078 0.057778
0 0.438320 0.798847 0.068375 0.049000
0 0.560234 0.750604 0.052937 0.035208
0 0.590930 0.749354 0.038063 0.030208
