0 0.601120 0.775028 0.119125 0.124019
0 0.090430 0.779435 0.076130 0.147870
0 0.842896 0.463644 0.021854 0.035083
0 0.743859 0.536954 0.046521 0.051370
0 0.335378 0.615278 0.105026 0.080204
0 0.027594 0.926060 0.055187 0.147880
0 0.815760 0.441088 0.021146 0.025065
0 0.856643 0.489963 0.023964 0.037593
0 0.884487 0.448606 0.016214 0.025065
0 0.184885 0.570787 0.033833 0.063907
0 0.203211 0.525676 0.023964 0.041352
0 0.215901 0.493097 0.021146 0.036343
0 0.260659 0.479310 0.017620 0.028824
0 0.318461 0.435449 0.027495 0.021306
2 0.232469 0.446102 0.028896 0.065167
0 0.810471 0.447352 0.026078 0.030074
