0 0.941581 0.303870 0.027495 0.048870
0 0.939466 0.273796 0.050047 0.041352
0 0.807813 0.399537 0.082292 0.113889
0 0.628258 0.216153 0.032422 0.046361
0 0.601474 0.199861 0.040885 0.036333
0 0.659628 0.222417 0.041589 0.048870
0 0.693461 0.234324 0.047224 0.045111
0 0.981893 0.253745 0.036214 0.036343
0 0.964490 0.258759 0.046521 0.038852
0 0.415885 0.685185 0.211979 0.229630
0 0.625260 0.551389 0.149479 0.158333
0 0.133594 0.863426 0.243229 0.241667
0 0.949333 0.268782 0.047229 0.038843
0 0.732552 0.463426 0.100521 0.128704
0 0.955469 0.578704 0.088021 0.172222
0 0.807031 0.323148 0.094271 0.074074
0 0.703125 0.285648 0.086458 0.060185
0 0.920052 0.314352 0.040104 0.060185
0 0.737656 0.239120 0.065313 0.057870
0 0.600781 0.243056 0.064062 0.063889
