0 0.071484 0.105556 0.038281 0.069444
0 0.866797 0.158333 0.033594 0.063889
0 0.141016 0.090972 0.055469 0.076389
0 0.963672 0.440278 0.072656 0.141667
0 0.872656 0.460417 0.121875 0.143056
0 0.388281 0.339583 0.103125 0.131944
0 0.189848 0.030056 0.029602 0.030194
0 0.863281 0.746528 0.182812 0.248611
0 0.255859 0.147917 0.061719 0.079167
2 0.808594 0.040972 0.096875 0.081944
0 0.363672 0.200000 0.094531 0.113889
1 0.264062 0.052083 0.121875 0.104167
0 0.419922 0.063194 0.039844 0.059722
0 0.108984 0.139583 0.041406 0.068056
0 0.341797 0.038889 0.046094 0.050000
0 0.139375 0.038194 0.042813 0.051389
0 0.468242 0.069528 0.035313 0.071556
0 0.390039 0.051986 0.045109 0.049000
0 0.021348 0.102111 0.018398 0.026444
0 0.041820 0.082062 0.018328 0.023931
0 0.107730 0.028174 0.020445 0.028958
