0 0.366449 0.008125 0.023258 0.016250
0 0.168750 0.547917 0.114062 0.115278
0 0.241016 0.604167 0.117969 0.122222
0 0.089844 0.653472 0.114062 0.118056
0 0.858594 0.213194 0.054688 0.054167
0 0.807813 0.180556 0.057813 0.052778
0 0.908594 0.197222 0.043750 0.052778
0 0.949609 0.961111 0.099219 0.075000
0 0.456250 0.104861 0.042188 0.045833
0 0.005859 0.697222 0.011719 0.075000
0 0.425000 0.070139 0.035937 0.045833
0 0.383594 0.162500 0.040625 0.063889
0 0.928906 0.154167 0.040625 0.050000
0 0.866797 0.173611 0.050781 0.044444
0 0.954297 0.176389 0.041406 0.052778
0 0.297332 0.021264 0.026148 0.035083
0 0.381566 0.023764 0.024039 0.032583
0 0.988262 0.174764 0.023477 0.043861
