0 0.315305 0.129023 0.039474 0.030194
1 0.170451 0.248074 0.062734 0.097870
0 0.339977 0.140306 0.039474 0.032704
0 0.355130 0.149074 0.035948 0.037722
0 0.381211 0.150329 0.035953 0.040231
0 0.411169 0.155338 0.060620 0.042731
0 0.311781 0.212986 0.049344 0.035213
0 0.232482 0.216745 0.041589 0.047750
0 0.206398 0.067056 0.021849 0.023815
0 0.221909 0.107157 0.028901 0.026315
0 0.767841 0.189176 0.049339 0.047741
0 0.764318 0.352708 0.054979 0.066546
0 0.841503 0.386542 0.066964 0.069046
1 0.943484 0.667875 0.113031 0.175565
0 0.315656 0.244940 0.055687 0.051509
0 0.218383 0.303838 0.050047 0.069046
0 0.252919 0.342681 0.045818 0.076565
0 0.351607 0.342056 0.065557 0.070296
0 0.259620 0.414116 0.038062 0.084083
0 0.185604 0.491806 0.078948 0.104130
0 0.294156 0.483037 0.074719 0.116667
0 0.214857 0.531907 0.074016 0.111648
0 0.359359 0.670375 0.116302 0.115417
0 0.810135 0.200449 0.042292 0.050250
0 0.811544 0.162856 0.039474 0.042731
0 0.857362 0.175389 0.038068 0.045241
0 0.889435 0.157222 0.030307 0.036463
0 0.921859 0.137796 0.028896 0.032704
0 0.849607 0.134662 0.035245 0.046491
0 0.882385 0.129648 0.030313 0.036463
2 0.917633 0.095190 0.041589 0.065287
0 0.163049 0.085227 0.022557 0.025065
0 0.185604 0.091431 0.023969 0.027694
1 0.129919 0.139116 0.036651 0.040102
2 0.139435 0.189861 0.092339 0.086463
0 0.203578 0.161606 0.031719 0.030194
0 0.198646 0.191056 0.027490 0.041481
0 0.237060 0.176644 0.035245 0.040231
0 0.271602 0.192935 0.039474 0.047741
0 0.349138 0.096440 0.028193 0.027694
0 0.292747 0.122130 0.042297 0.033963
