0 0.058023 0.004993 0.019813 0.009986
0 0.716797 0.065278 0.027344 0.058333
0 0.785156 0.545139 0.090625 0.115278
0 0.751563 0.634722 0.082812 0.119444
0 0.636328 0.022222 0.049219 0.044444
0 0.213281 0.160417 0.048438 0.068056
0 0.421094 0.222917 0.064062 0.065278
0 0.525391 0.402083 0.078906 0.106944
0 0.022461 0.731597 0.040391 0.064861
0 0.121094 0.031944 0.028125 0.041667
0 0.050781 0.045139 0.023438 0.040278
0 0.201820 0.077653 0.038141 0.045111
0 0.517645 0.056979 0.046523 0.051375
0 0.460551 0.023160 0.045117 0.046319
0 0.839742 0.142187 0.029672 0.058903
0 0.600391 0.372222 0.077344 0.088889
0 0.392527 0.008125 0.034539 0.016250
0 0.748437 0.082639 0.031250 0.056944
