0 0.839430 0.950479 0.050047 0.099042
0 0.155688 0.775021 0.044406 0.098986
0 0.199391 0.790687 0.051453 0.125319
0 0.337195 0.398458 0.076125 0.110278
0 0.790438 0.746201 0.094453 0.116542
0 0.930707 0.145319 0.047930 0.055139
0 0.949004 0.091438 0.043773 0.035097
0 0.963484 0.064493 0.038766 0.036347
0 0.587746 0.031924 0.057164 0.048847
0 0.245910 0.083292 0.052867 0.051389
2 0.764301 0.218625 0.045148 0.134083
0 0.494035 0.940458 0.052867 0.119083
0 0.422840 0.907833 0.054273 0.139056
0 0.987559 0.548208 0.024883 0.121556
0 0.973355 0.274396 0.052867 0.075181
0 0.354445 0.884063 0.057203 0.124097
0 0.867621 0.521250 0.058508 0.122778
0 0.808410 0.495590 0.054273 0.119097
0 0.694203 0.491201 0.043000 0.140375
0 0.629723 0.487458 0.042289 0.122861
0 0.296980 0.852090 0.055055 0.130319
0 0.240590 0.830785 0.052227 0.097736
0 0.632176 0.942333 0.050023 0.115333
0 0.118996 0.743062 0.047305 0.105264
0 0.908500 0.512486 0.047219 0.120306
0 0.950445 0.511861 0.047937 0.109028
0 0.775270 0.953611 0.047258 0.092778
0 0.709023 0.929806 0.054281 0.140389
0 0.566285 0.942937 0.047930 0.114042
