0 0.859219 0.139157 0.031458 0.041426
0 0.847352 0.117407 0.025672 0.025556
0 0.669271 0.400926 0.082292 0.083333
0 0.697135 0.534259 0.117188 0.100000
0 0.758333 0.490741 0.102083 0.077778
0 0.456510 0.378704 0.095312 0.066667
0 0.555729 0.342593 0.088542 0.061111
0 0.553646 0.488426 0.084375 0.089815
0 0.575521 0.442593 0.104167 0.101852
0 0.483073 0.305556 0.081771 0.061111
0 0.320573 0.713426 0.100521 0.117593
0 0.404687 0.289815 0.070833 0.059259
0 0.699740 0.268981 0.058854 0.060185
0 0.462500 0.263426 0.073958 0.056481
0 0.743490 0.407407 0.071354 0.068519
0 0.574219 0.391204 0.093229 0.065741
0 0.342187 0.264815 0.063542 0.050000
1 0.228906 0.392130 0.059896 0.128704
0 0.100000 0.229167 0.035417 0.045370
0 0.294010 0.243056 0.050521 0.050926
0 0.252604 0.221759 0.052083 0.052778
0 0.835938 0.193519 0.039583 0.046296
0 0.374109 0.246292 0.050167 0.050639
0 0.321513 0.219245 0.046609 0.042583
0 0.167443 0.275319 0.040135 0.058176
0 0.209844 0.199370 0.043375 0.053556
0 0.182331 0.182676 0.034953 0.038611
0 0.153198 0.171745 0.031073 0.035157
0 0.132484 0.161671 0.023302 0.032287
0 0.107078 0.150167 0.026219 0.031130
0 0.066615 0.212019 0.030750 0.039778
0 0.043474 0.196514 0.025250 0.037398
0 0.395445 0.153144 0.052016 0.035787
0 0.351536 0.139718 0.034677 0.030824
0 0.083878 0.138727 0.025224 0.026843
0 0.109354 0.124806 0.025729 0.028833
0 0.201919 0.065644 0.031880 0.029824
0 0.786195 0.215806 0.049328 0.059389
0 0.777068 0.183694 0.040396 0.047648
0 0.716865 0.209935 0.049719 0.053167
0 0.686570 0.194741 0.046609 0.050407
1 0.759203 0.147440 0.058260 0.082861
2 0.818628 0.148477 0.048161 0.071120
0 0.864073 0.172301 0.034177 0.041435
0 0.894951 0.149519 0.034568 0.042815
0 0.929521 0.135014 0.029906 0.037287
0 0.948534 0.121569 0.022953 0.031120
0 0.969917 0.112917 0.025250 0.030389
0 0.985646 0.100144 0.023302 0.029694
0 0.886409 0.124310 0.029130 0.036602
0 0.871648 0.107051 0.026026 0.029694
0 0.896117 0.094968 0.025245 0.024861
0 0.910099 0.116718 0.021365 0.032454
0 0.929521 0.101181 0.028354 0.034528
0 0.940591 0.075287 0.022526 0.024167
0 0.953409 0.094278 0.021755 0.029000
0 0.966031 0.085986 0.020583 0.023472
