0 0.939154 0.098000 0.023693 0.033148
0 0.518229 0.427778 0.087500 0.090741
0 0.649740 0.446759 0.097396 0.117593
0 0.528646 0.546296 0.093750 0.111111
0 0.682031 0.532870 0.074479 0.089815
0 0.538802 0.345370 0.088021 0.070370
1 0.305469 0.387037 0.103646 0.135185
0 0.460417 0.339352 0.080208 0.075000
0 0.636198 0.300000 0.076563 0.081481
0 0.692708 0.361111 0.052083 0.079630
0 0.943229 0.272685 0.040625 0.052778
0 0.582552 0.414352 0.082812 0.086111
1 0.226302 0.913889 0.234896 0.162963
0 0.316146 0.706944 0.087500 0.102778
0 0.566667 0.282870 0.067708 0.067593
0 0.459635 0.394444 0.078646 0.077778
0 0.110156 0.285648 0.038021 0.058333
2 0.739323 0.175926 0.072396 0.096296
1 0.527083 0.256944 0.081250 0.095370
0 0.436979 0.458333 0.053125 0.138889
0 0.971354 0.572685 0.056250 0.078704
0 0.671094 0.260648 0.058854 0.050926
0 0.237760 0.256944 0.039062 0.052778
0 0.776302 0.225000 0.047396 0.055556
0 0.066432 0.916593 0.131552 0.121704
0 0.851180 0.181898 0.039620 0.044889
0 0.890602 0.151861 0.034568 0.045574
0 0.918956 0.137019 0.029911 0.036593
0 0.823406 0.156005 0.039229 0.041435
0 0.869240 0.129421 0.030688 0.042120
0 0.949641 0.119065 0.026021 0.037981
0 0.971781 0.109051 0.022917 0.034528
2 0.967703 0.069000 0.036510 0.060759
0 0.189458 0.274602 0.046646 0.058074
0 0.316276 0.238347 0.057135 0.050472
0 0.251216 0.219361 0.046651 0.047019
0 0.311245 0.209727 0.048552 0.037287
0 0.270656 0.193153 0.040396 0.044194
0 0.194508 0.233514 0.040432 0.047713
0 0.147901 0.259065 0.039656 0.053241
0 0.409128 0.159287 0.060203 0.041500
0 0.381354 0.151000 0.031854 0.041500
0 0.290273 0.122690 0.034568 0.035972
0 0.163435 0.083333 0.025672 0.022167
0 0.207927 0.069519 0.024469 0.027685
0 0.159719 0.217000 0.035604 0.045074
2 0.111841 0.216278 0.046661 0.073370
0 0.077315 0.208606 0.024547 0.041713
0 0.058432 0.195898 0.023469 0.036444
0 0.127753 0.192542 0.031557 0.042194
2 0.207190 0.181519 0.051786 0.076722
0 0.173203 0.181278 0.029135 0.039796
0 0.147039 0.167130 0.032911 0.037407
0 0.118560 0.158019 0.027255 0.033574
0 0.101318 0.148667 0.022927 0.030204
0 0.103870 0.122037 0.024302 0.025926
0 0.086081 0.139556 0.022120 0.030204
