0 0.652375 0.627194 0.092813 0.154556
0 0.862801 0.284903 0.052008 0.071917
0 0.925348 0.307569 0.047930 0.061639
0 0.866367 0.245618 0.048953 0.068292
0 0.715270 0.194250 0.046570 0.046528
0 0.799742 0.133819 0.038750 0.046528
0 0.690621 0.167660 0.050992 0.050153
0 0.740594 0.083063 0.034672 0.038069
0 0.717305 0.067944 0.033656 0.036861
0 0.695383 0.047701 0.037391 0.038681
0 0.677707 0.026556 0.036711 0.039889
0 0.654758 0.014785 0.037734 0.029569
0 0.603426 0.093028 0.043852 0.041083
0 0.585922 0.072479 0.049625 0.048347
0 0.544449 0.039542 0.042148 0.036861
0 0.528984 0.020833 0.058125 0.041667
