0 0.632176 0.942333 0.050023 0.115333
0 0.709023 0.929806 0.054281 0.140389
0 0.950445 0.511861 0.047937 0.109028
0 0.908148 0.511861 0.049328 0.124056
0 0.496852 0.928549 0.054281 0.142903
0 0.985445 0.515000 0.029109 0.110278
0 0.240590 0.830785 0.052227 0.097736
0 0.566285 0.942937 0.047930 0.114042
0 0.890883 0.959882 0.041594 0.080236
0 0.354430 0.889694 0.059984 0.117833
0 0.056262 0.137799 0.041664 0.050125
2 0.764707 0.218014 0.041586 0.137861
0 0.212078 0.157229 0.055688 0.048875
0 0.373848 0.134042 0.067664 0.052639
0 0.590250 0.016896 0.050750 0.033792
0 0.701621 0.119007 0.059211 0.050125
0 0.982273 0.158479 0.035453 0.053875
0 0.992844 0.263743 0.014312 0.053875
0 0.957141 0.256222 0.038766 0.078944
0 0.903570 0.251208 0.048641 0.088972
0 0.166258 0.541312 0.068375 0.062653
0 0.149691 0.595194 0.077539 0.070167
0 0.044984 0.708611 0.045891 0.066417
0 0.198332 0.793188 0.052164 0.130319
0 0.156004 0.773799 0.045180 0.101569
0 0.296289 0.852090 0.053672 0.130319
