0 0.572927 0.362144 0.010573 0.020046
0 0.503141 0.360889 0.010573 0.020056
0 0.688172 0.839588 0.078948 0.085213
0 0.499740 0.706944 0.036979 0.060185
0 0.496875 0.787963 0.044792 0.103704
0 0.626563 0.783796 0.045833 0.113889
0 0.701302 0.966667 0.069271 0.064815
0 0.455208 0.581944 0.062500 0.056481
0 0.442708 0.647685 0.059375 0.076852
0 0.576802 0.442343 0.015510 0.027574
0 0.582794 0.466778 0.016214 0.031333
0 0.526052 0.453620 0.016917 0.027574
0 0.523935 0.414148 0.015505 0.026315
0 0.435474 0.478056 0.014802 0.033833
0 0.524641 0.485579 0.021146 0.036343
0 0.518672 0.360264 0.012031 0.021306
0 0.535203 0.357130 0.014073 0.030074
0 0.555659 0.360889 0.011286 0.020056
0 0.594422 0.358384 0.012688 0.027565
