0 0.787945 0.845910 0.085297 0.140347
0 0.544023 0.039514 0.040250 0.036333
0 0.562344 0.052674 0.047297 0.047625
0 0.584937 0.072097 0.038766 0.041361
0 0.655430 0.015056 0.038766 0.030111
0 0.673402 0.025667 0.035242 0.038972
0 0.692785 0.041333 0.038773 0.042722
0 0.718516 0.060132 0.039469 0.047736
0 0.741379 0.084000 0.034633 0.037583
0 0.765352 0.104056 0.034609 0.042611
0 0.793195 0.125979 0.039547 0.036347
0 0.779102 0.160375 0.052234 0.060278
0 0.717422 0.191146 0.047297 0.048875
0 0.912355 0.551361 0.059211 0.095361
0 0.859844 0.236882 0.048641 0.072681
0 0.526047 0.025104 0.042359 0.035097
