0 0.013844 0.750625 0.027687 0.072800
1 0.731789 0.349619 0.048562 0.035212
0 0.841832 0.817037 0.063445 0.070050
0 0.893133 0.726188 0.039156 0.059025
0 0.929984 0.823931 0.075266 0.073812
0 0.361332 0.854638 0.079883 0.112900
0 0.397359 0.815163 0.087719 0.116675
0 0.440437 0.796363 0.081453 0.081575
0 0.490953 0.776312 0.080672 0.079075
0 0.535988 0.752444 0.078320 0.083962
0 0.571625 0.730575 0.074406 0.072800
0 0.593988 0.706081 0.072133 0.066412
0 0.628016 0.685462 0.058734 0.062775
0 0.661691 0.667231 0.072836 0.073938
0 0.675789 0.641544 0.068141 0.067662
0 0.705941 0.634088 0.053258 0.052750
0 0.728656 0.620300 0.061094 0.057775
0 0.740406 0.599562 0.056391 0.048875
0 0.875512 0.547619 0.033680 0.037713
0 0.754504 0.585837 0.057961 0.049000
0 0.769773 0.569488 0.057172 0.051375
0 0.784262 0.553881 0.053258 0.055262
0 0.809324 0.550750 0.040727 0.038975
0 0.823816 0.541981 0.046211 0.043987
0 0.834391 0.532519 0.045422 0.037587
0 0.844223 0.521931 0.052398 0.041238
0 0.859062 0.500000 0.046203 0.037725
0 0.871594 0.493113 0.041516 0.038975
0 0.885340 0.484963 0.042367 0.042725
