1 0.059414 0.184194 0.038068 0.067667
0 0.026990 0.177935 0.025375 0.045111
0 0.102414 0.191718 0.031016 0.050120
0 0.083029 0.186079 0.017620 0.036343
2 0.060477 0.135954 0.043005 0.056389
0 0.084789 0.134074 0.018328 0.030074
0 0.708073 0.543519 0.084896 0.101852
2 0.535677 0.285185 0.116146 0.155556
0 0.705729 0.391204 0.068750 0.075000
0 0.233594 0.500463 0.092188 0.099074
0 0.325260 0.703704 0.104688 0.127778
0 0.548438 0.365741 0.072917 0.081481
0 0.878125 0.335185 0.047917 0.061111
0 0.358073 0.357870 0.060937 0.082407
0 0.477344 0.669444 0.118229 0.133333
0 0.644792 0.214815 0.055208 0.055556
0 0.696615 0.228704 0.056771 0.055556
0 0.373698 0.330093 0.055729 0.052778
0 0.267448 0.192593 0.041146 0.042593
0 0.197656 0.284722 0.038021 0.060185
0 0.206250 0.188426 0.037500 0.045370
0 0.104427 0.225926 0.031771 0.051852
0 0.131510 0.243519 0.031771 0.048148
0 0.383073 0.145370 0.052604 0.035185
1 0.991760 0.242468 0.016479 0.076435
0 0.787211 0.213644 0.044411 0.051380
0 0.852411 0.179815 0.036656 0.041352
0 0.888716 0.156000 0.033130 0.038852
0 0.724122 0.185449 0.047932 0.047620
0 0.781573 0.179810 0.043000 0.046361
0 0.795669 0.140963 0.040182 0.046370
0 0.846422 0.147856 0.034542 0.037602
0 0.856995 0.114648 0.031719 0.031333
0 0.890125 0.121542 0.031719 0.035083
0 0.920435 0.126551 0.034536 0.047620
0 0.946867 0.119032 0.019734 0.032583
0 0.969776 0.107759 0.026083 0.030074
0 0.988104 0.090213 0.023260 0.042611
0 0.880609 0.100241 0.029604 0.037593
0 0.906339 0.094602 0.023260 0.026315
0 0.941229 0.093972 0.025375 0.030074
1 0.959203 0.060134 0.027490 0.047620
1 0.982815 0.050116 0.022557 0.040102
0 0.315641 0.128435 0.043000 0.033833
0 0.296255 0.122167 0.032427 0.028815
0 0.279341 0.120287 0.031016 0.030074
0 0.201451 0.068912 0.028901 0.025065
0 0.163031 0.259384 0.038062 0.050120
0 0.141534 0.201741 0.031724 0.035093
0 0.171844 0.170412 0.030313 0.040102
0 0.110167 0.142847 0.029604 0.040102
