0 0.693812 0.233694 0.049344 0.046370
0 0.607818 0.250611 0.071896 0.057648
0 0.737518 0.241843 0.064849 0.065167
0 0.132370 0.869662 0.243188 0.255639
0 0.415388 0.685449 0.210047 0.228065
0 0.859815 0.785704 0.191026 0.348370
0 0.957440 0.583319 0.084589 0.184213
0 0.623677 0.552620 0.144500 0.162907
0 0.728703 0.464903 0.097979 0.122806
0 0.806596 0.402241 0.081766 0.110278
0 0.863690 0.375301 0.052161 0.086472
0 0.805539 0.321417 0.092339 0.063907
0 0.920786 0.318282 0.042292 0.062657
0 0.945458 0.300741 0.033833 0.052630
0 0.942638 0.272542 0.056391 0.036343
0 0.957794 0.265653 0.041589 0.040102
0 0.968016 0.255625 0.033833 0.035083
0 0.978940 0.251255 0.019026 0.033806
0 0.985417 0.253120 0.029167 0.042611
0 0.703328 0.287583 0.086698 0.063907
0 0.534156 0.176056 0.035948 0.041352
0 0.544729 0.186079 0.038771 0.036343
0 0.588432 0.189833 0.026083 0.033833
0 0.628609 0.216153 0.035948 0.043861
0 0.661034 0.224921 0.041589 0.051380
