0 0.603992 0.083292 0.038766 0.028833
0 0.648754 0.053222 0.029602 0.033833
0 0.681531 0.025653 0.033125 0.033833
0 0.266707 0.256847 0.040883 0.047611
0 0.442574 0.412861 0.074008 0.088972
0 0.120406 0.225521 0.023328 0.040097
0 0.065461 0.311993 0.030312 0.050125
0 0.037617 0.264993 0.029609 0.041347
0 0.040086 0.275646 0.031719 0.047625
0 0.044316 0.289431 0.028898 0.047611
0 0.056648 0.295069 0.045109 0.076444
0 0.059117 0.310111 0.035953 0.043861
0 0.578621 0.395319 0.083883 0.091472
0 0.765047 0.291944 0.086031 0.077694
0 0.956543 0.502458 0.086914 0.100250
0 0.953266 0.194826 0.025375 0.061403
