0 0.059434 0.612736 0.025445 0.042611
0 0.093621 0.671639 0.047305 0.055139
0 0.019641 0.711743 0.038766 0.072681
0 0.048828 0.718750 0.044531 0.070833
2 0.249219 0.689583 0.050000 0.118056
0 0.482812 0.636806 0.053125 0.045833
0 0.085547 0.726389 0.052344 0.077778
0 0.016406 0.962500 0.032813 0.075000
2 0.164062 0.668750 0.045312 0.115278
2 0.378125 0.678472 0.057813 0.112500
0 0.038281 0.911806 0.076563 0.120833
0 0.526563 0.666667 0.062500 0.061111
0 0.468359 0.673611 0.061719 0.061111
2 0.316797 0.672917 0.071094 0.145833
0 0.683613 0.598326 0.030383 0.036347
0 0.634656 0.578278 0.036656 0.033833
0 0.638535 0.541938 0.040180 0.031319
0 0.542281 0.612743 0.029672 0.040097
2 0.508094 0.618382 0.061391 0.051375
0 0.564836 0.652840 0.046594 0.055125
0 0.403422 0.542562 0.040953 0.030069
2 0.092598 0.605847 0.028195 0.048861
0 0.061949 0.664743 0.035930 0.051375
0 0.034445 0.659729 0.037359 0.048875
0 0.010832 0.662861 0.021148 0.042611
0 0.007883 0.619007 0.015766 0.037597
0 0.030535 0.620257 0.024039 0.040097
0 0.121109 0.615875 0.027563 0.043861
0 0.784055 0.550083 0.033906 0.030083
0 0.750930 0.540056 0.028266 0.032583
0 0.649777 0.576403 0.033195 0.032583
0 0.668453 0.572014 0.021219 0.036333
1 0.711453 0.580153 0.057875 0.055139
0 0.749164 0.575146 0.023328 0.037597
0 0.657883 0.608354 0.035313 0.038847
0 0.873613 0.560111 0.021148 0.022556
0 0.882777 0.505597 0.016914 0.021306
1 0.713254 0.541312 0.045820 0.025069
0 0.590602 0.604590 0.043000 0.038847
0 0.608930 0.589556 0.043000 0.041361
0 0.636383 0.619632 0.040250 0.043847
0 0.611711 0.630910 0.041656 0.048875
0 0.590566 0.637799 0.031789 0.040097
1 0.585984 0.538806 0.050828 0.045111
2 0.506684 0.564493 0.054352 0.051375
