0 0.173047 0.168750 0.052344 0.076389
0 0.333984 0.204167 0.064844 0.083333
0 0.342578 0.153472 0.053906 0.056944
1 0.052344 0.759028 0.104688 0.223611
0 0.279102 0.154167 0.055859 0.075000
0 0.240590 0.181035 0.055055 0.068931
0 0.114062 0.110854 0.045891 0.061403
0 0.193738 0.066965 0.047211 0.061347
0 0.238156 0.113368 0.048641 0.058903
0 0.232484 0.026896 0.041656 0.048875
0 0.543727 0.035049 0.036656 0.052625
0 0.587781 0.030035 0.024672 0.050125
0 0.624082 0.029410 0.033836 0.048875
0 0.677621 0.021285 0.042367 0.042569
0 0.891016 0.861806 0.133594 0.162500
0 0.195703 0.478472 0.097656 0.123611
0 0.948438 0.304861 0.079687 0.070833
0 0.830469 0.670139 0.123438 0.120833
0 0.657422 0.322222 0.100781 0.069444
0 0.524609 0.483333 0.083594 0.113889
0 0.694531 0.541667 0.107813 0.111111
0 0.285156 0.336944 0.048438 0.081944
0 0.835156 0.323611 0.096875 0.083333
0 0.474219 0.262500 0.070312 0.072222
0 0.981250 0.815278 0.037500 0.083333
0 0.385937 0.332639 0.068750 0.101389
