0 0.594776 0.357130 0.013396 0.030074
0 0.529573 0.360264 0.012688 0.021306
0 0.545432 0.359009 0.010573 0.023815
0 0.561294 0.286329 0.016922 0.013787
0 0.694870 0.966787 0.082469 0.066426
0 0.451680 0.842718 0.081068 0.071435
0 0.460495 0.781319 0.091635 0.078935
0 0.446044 0.670412 0.045818 0.055139
0 0.519352 0.620912 0.028901 0.058898
0 0.457323 0.615273 0.057094 0.042602
0 0.487279 0.501241 0.043703 0.035093
0 0.416440 0.471792 0.024672 0.036343
0 0.554245 0.463648 0.016917 0.037593
0 0.586669 0.463019 0.019734 0.038852
0 0.428070 0.443597 0.019734 0.047620
0 0.526755 0.439208 0.015510 0.028824
0 0.569753 0.402245 0.012693 0.025065
