0 0.275125 0.417306 0.028198 0.037593
0 0.446414 0.377144 0.026786 0.030194
0 0.574701 0.409097 0.047932 0.031454
0 0.487297 0.386532 0.036656 0.038991
0 0.463331 0.382782 0.028193 0.031454
0 0.601138 0.550079 0.058505 0.092861
0 0.369581 0.369000 0.028193 0.026444
0 0.370990 0.352148 0.029604 0.022556
0 0.430906 0.370875 0.025375 0.027694
0 0.235289 0.440491 0.037339 0.038852
0 0.286401 0.446125 0.047927 0.042620
0 0.249044 0.498759 0.053568 0.052630
0 0.359346 0.375310 0.023286 0.028861
0 0.347375 0.385352 0.028896 0.031333
0 0.327995 0.388477 0.033802 0.035102
0 0.310018 0.399764 0.024672 0.032583
0 0.293451 0.408551 0.031016 0.035065
0 0.255383 0.427968 0.031005 0.043880
