0 0.527512 0.023771 0.047930 0.030069
0 0.365719 0.008750 0.026125 0.017500
0 0.384742 0.028778 0.027563 0.035083
0 0.307203 0.038819 0.026156 0.045139
0 0.434766 0.072222 0.039844 0.047222
0 0.458984 0.102083 0.035156 0.051389
0 0.496094 0.138889 0.043750 0.050000
0 0.806641 0.184722 0.060156 0.061111
1 0.123438 0.623611 0.245312 0.255556
0 0.158984 0.461806 0.086719 0.087500
0 0.993551 0.153465 0.012898 0.036347
0 0.784766 0.465278 0.064844 0.111111
2 0.390027 0.129660 0.057867 0.129069
0 0.993199 0.117750 0.013602 0.032583
0 0.965250 0.121514 0.032422 0.032583
0 0.039453 0.739583 0.078906 0.059722
