0 0.343490 0.382866 0.026771 0.031287
0 0.463687 0.382787 0.035958 0.031463
0 0.259958 0.487481 0.054250 0.052630
0 0.277596 0.464306 0.057099 0.048796
0 0.231784 0.437981 0.034557 0.038852
0 0.274784 0.418560 0.027516 0.035083
0 0.293086 0.407903 0.030286 0.036361
0 0.253628 0.424199 0.026078 0.028824
0 0.423503 0.372130 0.016214 0.030204
0 0.438661 0.376519 0.029604 0.036463
0 0.520073 0.447977 0.061323 0.043917
0 0.434078 0.451704 0.071198 0.056519
0 0.327286 0.500579 0.033833 0.061528
0 0.650479 0.608977 0.076833 0.117917
0 0.372055 0.359037 0.026099 0.026315
0 0.360055 0.372819 0.024693 0.031324
0 0.329740 0.389727 0.024687 0.032602
0 0.312133 0.397255 0.024672 0.032583
0 0.372753 0.367181 0.014807 0.025065
