0 0.516406 0.370833 0.087500 0.088889
0 0.746094 0.568056 0.128125 0.133333
0 0.350781 0.236806 0.056250 0.059722
0 0.582031 0.177083 0.056250 0.045833
0 0.118750 0.286806 0.075000 0.070833
0 0.167187 0.177778 0.034375 0.052778
0 0.202344 0.212500 0.043750 0.066667
0 0.198437 0.163889 0.032813 0.041667
0 0.129957 0.073896 0.016914 0.025069
0 0.108105 0.056972 0.014102 0.023806
0 0.148637 0.154722 0.026086 0.033833
0 0.987930 0.796326 0.024141 0.093986
0 0.654395 0.166625 0.046523 0.045111
0 0.697742 0.155972 0.043000 0.048861
