0 0.590602 0.709861 0.028906 0.091472
0 0.507031 0.423611 0.059375 0.061111
0 0.141797 0.544444 0.053906 0.058333
0 0.534211 0.806972 0.057094 0.075194
0 0.608594 0.164583 0.023438 0.029167
0 0.549719 0.700458 0.028906 0.102750
0 0.550391 0.287500 0.038281 0.038889
0 0.583984 0.169444 0.024219 0.030556
0 0.551562 0.099306 0.021875 0.023611
0 0.678359 0.435424 0.039469 0.058903
0 0.062500 0.574306 0.051562 0.056944
0 0.442969 0.445833 0.051562 0.050000
2 0.028906 0.388194 0.048438 0.090278
0 0.501039 0.043194 0.016297 0.021389
2 0.754297 0.278472 0.030469 0.040278
0 0.315781 0.485597 0.057031 0.055556
0 0.592031 0.288847 0.032813 0.031528
0 0.492406 0.291806 0.039719 0.038889
2 0.721711 0.369007 0.033125 0.051375
2 0.611055 0.395951 0.054297 0.062653
0 0.573648 0.124021 0.020516 0.025069
