0 0.608523 0.478685 0.039474 0.037593
0 0.516927 0.571759 0.023438 0.062037
0 0.483594 0.535185 0.050521 0.038889
0 0.467187 0.565278 0.047917 0.043519
1 0.572656 0.569444 0.029687 0.085185
0 0.510544 0.662269 0.031016 0.071426
0 0.486576 0.499361 0.043703 0.031333
0 0.414680 0.473671 0.022557 0.032583
0 0.427365 0.441088 0.019740 0.042602
0 0.527461 0.472421 0.018328 0.032583
0 0.585612 0.463648 0.016214 0.037593
0 0.514411 0.359634 0.010594 0.020046
0 0.529927 0.359009 0.011979 0.021296
0 0.545786 0.358380 0.011281 0.022556
0 0.594422 0.357130 0.012688 0.027574
0 0.569753 0.401616 0.012693 0.026324
0 0.573982 0.427931 0.014099 0.028824
0 0.526404 0.437954 0.016214 0.026315
0 0.457813 0.609722 0.058333 0.047222
0 0.460156 0.777315 0.094271 0.082407
0 0.595052 0.766204 0.046354 0.089815
0 0.629427 0.854167 0.048438 0.117593
0 0.450781 0.840741 0.082812 0.074074
0 0.445312 0.665278 0.046875 0.062037
