0 0.085273 0.726389 0.050234 0.075000
0 0.060527 0.664750 0.034539 0.056389
0 0.035152 0.654722 0.031711 0.043861
0 0.023859 0.705472 0.047250 0.070167
0 0.010352 0.665993 0.020703 0.051375
0 0.007531 0.619007 0.015063 0.050125
0 0.667047 0.572014 0.022625 0.031333
0 0.712547 0.546319 0.048641 0.032583
0 0.755895 0.536924 0.033836 0.031319
1 0.177801 0.703500 0.072523 0.137500
0 0.778453 0.531292 0.033828 0.032583
0 0.037500 0.911250 0.075000 0.101667
0 0.018105 0.961132 0.036211 0.077736
0 0.047930 0.718750 0.043203 0.070833
0 0.262441 0.714868 0.038133 0.071431
0 0.091055 0.672917 0.041328 0.056944
0 0.651891 0.575771 0.028969 0.026319
0 0.766082 0.561993 0.028977 0.028819
0 0.787582 0.551965 0.032492 0.031319
0 0.809789 0.540681 0.027563 0.031333
0 0.543688 0.613993 0.028266 0.035097
0 0.572273 0.603972 0.038766 0.042611
0 0.609633 0.587674 0.040172 0.037597
0 0.071766 0.875271 0.078312 0.073931
0 0.747402 0.577653 0.024039 0.035083
0 0.712863 0.580785 0.052227 0.051375
0 0.685371 0.603972 0.038133 0.042611
0 0.657527 0.610229 0.037430 0.040097
0 0.639203 0.621514 0.031797 0.042611
0 0.614887 0.629028 0.036727 0.045111
0 0.591977 0.636549 0.030375 0.037597
0 0.565543 0.651590 0.043773 0.052625
0 0.535230 0.665993 0.045180 0.061403
2 0.468125 0.647222 0.093438 0.119444
0 0.430469 0.688889 0.053125 0.066667
0 0.376984 0.681660 0.057172 0.107764
0 0.030566 0.616500 0.022555 0.045111
0 0.058078 0.610861 0.025406 0.041361
2 0.313281 0.668056 0.076563 0.144444
2 0.091188 0.607729 0.026781 0.047625
0 0.120793 0.612111 0.028195 0.041361
0 0.618445 0.534424 0.032422 0.026319
0 0.696688 0.514368 0.038063 0.046375
0 0.637125 0.543819 0.038766 0.032583
1 0.388617 0.612111 0.083250 0.076444
0 0.508480 0.569507 0.052164 0.048875
0 0.508129 0.535042 0.038773 0.032583
0 0.402395 0.541312 0.040180 0.027569
0 0.203969 0.568882 0.036656 0.037597
0 0.088719 0.573896 0.031719 0.030069
0 0.450664 0.924792 0.081797 0.150417
0 0.306531 0.872139 0.127578 0.097750
0 0.633953 0.583292 0.036656 0.031333
