0 0.089063 0.729861 0.109375 0.190278
0 0.344531 0.362500 0.089063 0.072222
0 0.156641 0.597917 0.080469 0.151389
0 0.020313 0.870139 0.040625 0.134722
2 0.085938 0.244444 0.081250 0.083333
0 0.433984 0.214583 0.055469 0.043056
0 0.079687 0.315972 0.064062 0.056944
0 0.450742 0.201389 0.048359 0.047222
0 0.465270 0.166049 0.033836 0.030403
0 0.571836 0.150139 0.018828 0.033611
0 0.489063 0.151528 0.048438 0.039167
0 0.476059 0.197396 0.029414 0.033153
0 0.486336 0.167806 0.029422 0.029667
0 0.512527 0.128215 0.030883 0.025319
2 0.804160 0.353361 0.109258 0.115417
