0 0.864289 0.245271 0.050422 0.071514
0 0.925051 0.305194 0.047305 0.059417
1 0.931223 0.525257 0.065102 0.131403
0 0.504594 0.397771 0.074453 0.109653
0 0.581230 0.582694 0.063148 0.143583
0 0.529004 0.020653 0.059258 0.041306
0 0.544937 0.036896 0.041547 0.032319
0 0.584715 0.071944 0.051227 0.046167
0 0.602895 0.092507 0.044617 0.039458
0 0.677965 0.022958 0.042258 0.045917
0 0.636418 0.114750 0.046977 0.040278
0 0.664578 0.138000 0.045891 0.040278
0 0.691062 0.165188 0.050703 0.044319
0 0.699703 0.047097 0.039094 0.039778
0 0.717551 0.066486 0.033992 0.038278
0 0.740355 0.081840 0.034273 0.036764
0 0.715848 0.194403 0.047023 0.047333
