0 0.414344 0.827028 0.061391 0.055139
0 0.379840 0.842687 0.099383 0.068931
0 0.258215 0.790028 0.074789 0.061333
0 0.235656 0.806979 0.050828 0.050125
0 0.196184 0.810111 0.076195 0.068917
0 0.570125 0.751208 0.043063 0.031333
0 0.611008 0.733035 0.028969 0.027569
0 0.603254 0.741812 0.028977 0.030069
0 0.592680 0.748083 0.030375 0.032583
0 0.168691 0.820139 0.049414 0.056389
0 0.142965 0.832667 0.050117 0.063917
0 0.527832 0.751208 0.048711 0.036333
0 0.449590 0.783792 0.076898 0.053889
0 0.492973 0.729285 0.039477 0.050125
0 0.438309 0.800708 0.069852 0.052639
0 0.419629 0.811361 0.074789 0.051389
