0 0.170313 0.965278 0.068750 0.066667
0 0.535547 0.080556 0.046094 0.058333
0 0.806484 0.122222 0.027656 0.052778
0 0.420312 0.013889 0.042188 0.027778
0 0.716406 0.064444 0.031250 0.051667
0 0.748828 0.079861 0.030469 0.051389
0 0.460352 0.021528 0.047266 0.043056
0 0.313125 0.261181 0.058125 0.072361
0 0.775391 0.096458 0.030469 0.051528
0 0.870770 0.177924 0.033836 0.060264
0 0.386516 0.007542 0.025375 0.015083
0 0.488719 0.031306 0.043703 0.052750
0 0.516918 0.058875 0.046523 0.050250
0 0.092574 0.067653 0.029602 0.037722
0 0.024164 0.028799 0.016984 0.030208
0 0.158203 0.143056 0.039844 0.058333
0 0.639453 0.027083 0.047656 0.048611
