0 0.464062 0.175694 0.048438 0.040278
0 0.483984 0.339583 0.092969 0.079167
0 0.391406 0.407639 0.084375 0.118056
0 0.131641 0.558333 0.110156 0.108333
0 0.384375 0.273611 0.070312 0.052778
0 0.076563 0.677083 0.139063 0.162500
0 0.020313 0.820139 0.040625 0.131944
0 0.416016 0.175000 0.053906 0.044444
0 0.934562 0.414139 0.057094 0.059028
0 0.461934 0.127167 0.046523 0.038972
0 0.442551 0.140333 0.052867 0.027694
0 0.478820 0.106493 0.040953 0.035208
0 0.495031 0.092708 0.029672 0.025194
0 0.510539 0.088326 0.028266 0.023931
