0 0.232479 0.439171 0.034542 0.041472
0 0.576112 0.407222 0.050755 0.030204
0 0.488354 0.386542 0.027490 0.031454
0 0.436544 0.370250 0.026786 0.028944
0 0.380154 0.413486 0.054984 0.057769
0 0.344909 0.379648 0.031016 0.037722
0 0.320943 0.390310 0.036656 0.033954
0 0.244461 0.496861 0.058505 0.048907
0 0.276182 0.419750 0.038771 0.037722
0 0.617701 0.545065 0.052161 0.080333
0 0.527122 0.452958 0.059911 0.043991
0 0.466503 0.380278 0.028901 0.036463
0 0.445708 0.377773 0.022552 0.031454
0 0.373104 0.365866 0.023969 0.030194
0 0.359714 0.372134 0.025375 0.027694
0 0.294510 0.407847 0.027490 0.033954
