0 0.601137 0.892813 0.081133 0.151625
0 0.513031 0.725521 0.071266 0.120292
0 0.097145 0.276903 0.057164 0.052639
0 0.020922 0.288806 0.041844 0.046361
1 0.021629 0.236799 0.043258 0.060153
1 0.105605 0.225521 0.074086 0.070181
0 0.240238 0.246194 0.037430 0.066417
0 0.331133 0.249958 0.031797 0.068917
0 0.415402 0.245569 0.029680 0.070167
0 0.462980 0.234292 0.030383 0.070167
0 0.501750 0.246194 0.030375 0.068917
0 0.582812 0.241812 0.027562 0.060153
0 0.633918 0.259979 0.036727 0.058903
0 0.708285 0.279410 0.055758 0.062653
