0 0.483895 0.791344 0.077523 0.081313
0 0.366871 0.840825 0.084539 0.115350
0 0.518770 0.746319 0.087695 0.071388
0 0.599074 0.709338 0.071352 0.067675
0 0.638234 0.696800 0.072750 0.067650
0 0.679746 0.652944 0.071352 0.060162
0 0.727914 0.620337 0.064297 0.055075
0 0.738441 0.594044 0.066555 0.070162
0 0.768602 0.571338 0.057953 0.052575
0 0.804625 0.546994 0.053250 0.051512
0 0.824613 0.527475 0.050930 0.042550
0 0.840645 0.515650 0.054805 0.043950
0 0.921367 0.832775 0.092422 0.073950
0 0.908441 0.874687 0.096414 0.080325
0 0.876684 0.912906 0.108086 0.093863
0 0.845395 0.966194 0.125398 0.067613
0 0.756070 0.664725 0.056391 0.068925
0 0.875508 0.563281 0.049344 0.036462
0 0.033422 0.936781 0.066844 0.121563
0 0.850055 0.500000 0.043859 0.042725
0 0.864586 0.496181 0.036891 0.035087
0 0.882168 0.481831 0.045430 0.033963
0 0.843047 0.394169 0.031406 0.023813
0 0.558699 0.726875 0.078320 0.070175
0 0.662867 0.679825 0.070484 0.061275
