0 0.712512 0.400333 0.036023 0.031333
0 0.652242 0.355847 0.033906 0.025056
0 0.525047 0.248701 0.023266 0.018792
0 0.487336 0.236806 0.023969 0.022556
2 0.661410 0.258104 0.049414 0.047625
0 0.735773 0.263118 0.031797 0.027569
0 0.795336 0.275646 0.029672 0.027569
0 0.725941 0.272514 0.033133 0.026306
0 0.525750 0.305722 0.026078 0.027556
0 0.458434 0.371514 0.032430 0.036333
0 0.700883 0.439806 0.046594 0.042611
0 0.563426 0.354597 0.032492 0.025056
0 0.643785 0.369007 0.039539 0.028819
0 0.636738 0.394069 0.042367 0.036333
0 0.690660 0.462993 0.045883 0.036347
0 0.669512 0.509354 0.051523 0.048875
0 0.680086 0.483042 0.045891 0.041361
0 0.552852 0.369007 0.033906 0.026319
0 0.526422 0.407854 0.038844 0.036347
0 0.500344 0.443563 0.040250 0.037597
0 0.685727 0.313868 0.023328 0.036347
0 0.664930 0.335174 0.033906 0.028819
2 0.583871 0.335174 0.045180 0.048875
0 0.707578 0.424146 0.041656 0.038847
0 0.733305 0.393444 0.035313 0.032583
0 0.541797 0.700694 0.064844 0.068056
0 0.494922 0.753472 0.072656 0.090278
0 0.447656 0.840278 0.068750 0.069444
0 0.639844 0.548611 0.057813 0.052778
2 0.128125 0.906250 0.067187 0.129167
0 0.617969 0.415278 0.045312 0.036111
0 0.658203 0.525000 0.049219 0.052778
0 0.786602 0.642222 0.053984 0.046111
0 0.782813 0.672222 0.057813 0.058333
2 0.433363 0.509979 0.058602 0.062653
0 0.803125 0.602715 0.056391 0.045125
0 0.812957 0.574521 0.049414 0.046375
0 0.821414 0.546951 0.046594 0.041347
0 0.828113 0.520632 0.048711 0.038847
0 0.836578 0.500583 0.047312 0.041361
0 0.846090 0.481160 0.043773 0.040097
0 0.852430 0.457354 0.040953 0.025069
0 0.855992 0.441063 0.039469 0.027569
0 0.860535 0.424771 0.043070 0.035097
0 0.868309 0.399076 0.037398 0.026319
0 0.752688 0.367757 0.040250 0.028819
0 0.765062 0.332667 0.016922 0.033833
0 0.787969 0.335167 0.017625 0.031333
