0 0.876293 0.493737 0.036805 0.037725
0 0.881777 0.481206 0.041508 0.032713
0 0.950305 0.749313 0.073625 0.060150
0 0.942477 0.793856 0.081453 0.063787
0 0.406367 0.823875 0.088500 0.099000
0 0.452184 0.792606 0.089289 0.096363
0 0.522672 0.748181 0.079891 0.067663
0 0.558699 0.726875 0.078320 0.070175
0 0.586543 0.701819 0.071352 0.067663
0 0.355891 0.847119 0.076672 0.105388
0 0.623355 0.689288 0.069633 0.077700
0 0.662867 0.679825 0.070484 0.061275
0 0.680527 0.646675 0.071352 0.060150
0 0.727914 0.615981 0.064297 0.046362
0 0.741187 0.602819 0.057953 0.052638
0 0.755676 0.588344 0.060305 0.053762
0 0.780348 0.575750 0.051695 0.048875
0 0.794094 0.557081 0.057094 0.056388
0 0.823816 0.541356 0.054039 0.045237
0 0.836352 0.511838 0.049344 0.038850
0 0.853187 0.506894 0.042297 0.043987
0 0.865328 0.499938 0.039938 0.040100
0 0.873984 0.539412 0.032188 0.041350
2 0.647598 0.890381 0.198148 0.219237
0 0.335133 0.978038 0.094844 0.043925
0 0.483906 0.954294 0.101031 0.091412
0 0.917410 0.875313 0.090852 0.076325
0 0.890820 0.917356 0.098609 0.075188
0 0.862625 0.968700 0.100172 0.062600
0 0.711426 0.639100 0.059523 0.057775
0 0.011492 0.740538 0.022984 0.072675
0 0.617871 0.760650 0.071352 0.070300
0 0.691453 0.350313 0.025844 0.023800
0 0.754113 0.370237 0.028977 0.021300
0 0.879035 0.394113 0.023492 0.018925
0 0.857887 0.398556 0.029758 0.025063
0 0.918191 0.494363 0.028195 0.041475
0 0.889605 0.688537 0.035242 0.061400
