0 0.420691 0.817000 0.075492 0.055139
0 0.574703 0.753090 0.028266 0.032569
0 0.593031 0.748708 0.035312 0.031333
0 0.246582 0.809486 0.013461 0.055139
0 0.400938 0.831806 0.086250 0.053056
0 0.480078 0.828472 0.052344 0.062500
0 0.382812 0.842361 0.090625 0.059722
0 0.355078 0.860417 0.102344 0.070833
1 0.124219 0.845833 0.246875 0.213889
0 0.450781 0.788194 0.071875 0.048611
0 0.265625 0.797222 0.048438 0.047222
0 0.540078 0.753472 0.055156 0.040278
1 0.605078 0.732639 0.055469 0.054167
0 0.793359 0.834722 0.044531 0.086111
