0 0.387500 0.106250 0.039062 0.065278
0 0.789062 0.194444 0.051562 0.052778
0 0.485938 0.129861 0.045312 0.054167
0 0.682422 0.550000 0.124219 0.188889
0 0.034766 0.474306 0.069531 0.090278
0 0.516406 0.440972 0.095312 0.109722
0 0.389320 0.028160 0.026859 0.038847
0 0.423859 0.018750 0.029672 0.032583
0 0.450000 0.190972 0.053125 0.070833
0 0.435937 0.323611 0.089063 0.069444
0 0.913594 0.927431 0.106719 0.142361
0 0.923977 0.260611 0.058578 0.080194
0 0.943715 0.188556 0.037430 0.053889
0 0.529277 0.021889 0.051461 0.041361
2 0.871094 0.174306 0.120313 0.145833
0 0.266797 0.371528 0.089844 0.098611
0 0.309668 0.050708 0.026852 0.041361
0 0.988617 0.202340 0.022766 0.048875
0 0.458789 0.095826 0.031719 0.048875
0 0.517969 0.247917 0.075000 0.076389
0 0.771094 0.297222 0.087500 0.077778
0 0.055469 0.700000 0.110937 0.116667
0 0.238672 0.618750 0.125781 0.112500
0 0.973672 0.173514 0.033906 0.043861
0 0.960281 0.144069 0.035313 0.032583
0 0.371031 0.013764 0.023969 0.027528
0 0.945125 0.124014 0.033203 0.045111
0 0.357031 0.069444 0.029687 0.050000
0 0.430469 0.070139 0.031250 0.040278
0 0.319922 0.420139 0.097656 0.095833
