0 0.037953 0.102736 0.021844 0.030194
0 0.619477 0.243083 0.112078 0.095361
0 0.803453 0.201104 0.054281 0.069042
0 0.783367 0.106493 0.050750 0.067792
0 0.749883 0.079549 0.035953 0.056514
2 0.825656 0.037618 0.101500 0.075236
0 0.851000 0.058250 0.035313 0.046500
0 0.876375 0.048847 0.024031 0.037722
2 0.898613 0.026965 0.042992 0.053931
0 0.924336 0.142833 0.028203 0.057778
0 0.120773 0.151611 0.038062 0.052750
0 0.090105 0.094590 0.027492 0.033958
0 0.100328 0.063264 0.025375 0.026444
0 0.198305 0.022576 0.031016 0.045153
0 0.241660 0.021278 0.035945 0.037722
0 0.272320 0.024417 0.032422 0.046500
0 0.288887 0.031931 0.038773 0.041472
0 0.345629 0.045090 0.039477 0.045236
0 0.378758 0.050104 0.042297 0.045236
