0 0.321633 0.437333 0.028193 0.022556
1 0.241927 0.411111 0.017188 0.025926
0 0.844271 0.465741 0.022917 0.035185
0 0.880990 0.559722 0.048438 0.050926
0 0.193490 0.543981 0.029687 0.050926
0 0.866667 0.599537 0.035417 0.063889
0 0.258594 0.492593 0.020313 0.035185
0 0.539844 0.593981 0.091146 0.071296
0 0.803125 0.572222 0.044792 0.057407
0 0.818578 0.444847 0.021146 0.025065
0 0.813292 0.450486 0.024667 0.028824
0 0.885542 0.449231 0.015510 0.026315
0 0.889771 0.476176 0.016917 0.030074
0 0.261013 0.427935 0.014099 0.018796
