0 0.585289 0.072660 0.050750 0.047736
0 0.496828 0.012549 0.010578 0.025097
0 0.482730 0.007542 0.023258 0.015083
1 0.528906 0.021326 0.059219 0.042653
0 0.544059 0.040076 0.040180 0.035208
0 0.567316 0.058250 0.040180 0.038972
0 0.602914 0.095840 0.043703 0.041486
0 0.657191 0.132181 0.052164 0.051500
0 0.690320 0.169153 0.050750 0.050250
0 0.714988 0.194806 0.046523 0.046556
0 0.627934 0.007542 0.021852 0.015083
0 0.654367 0.015056 0.038063 0.030111
0 0.675871 0.026292 0.035945 0.037722
0 0.695605 0.049472 0.038773 0.038972
0 0.717105 0.068903 0.033836 0.035222
0 0.740719 0.084569 0.034547 0.038972
0 0.767152 0.108375 0.033836 0.049000
0 0.799578 0.135937 0.039469 0.043986
0 0.924340 0.306431 0.047930 0.058889
0 0.866539 0.245660 0.049344 0.072681
