0 0.892969 0.684722 0.126562 0.212037
0 0.415885 0.686111 0.211979 0.229630
0 0.948982 0.268157 0.047932 0.047611
0 0.966958 0.256250 0.040177 0.033833
0 0.822917 0.387037 0.085417 0.124074
0 0.981250 0.366204 0.037500 0.065741
0 0.703646 0.286111 0.085417 0.062963
0 0.937188 0.273148 0.043125 0.044444
0 0.636716 0.213648 0.052161 0.048870
0 0.556714 0.194222 0.059917 0.040093
0 0.697339 0.227431 0.053573 0.048880
0 0.865365 0.330093 0.096354 0.080556
0 0.738573 0.241838 0.061323 0.062657
0 0.755990 0.874074 0.215104 0.244444
0 0.133073 0.862500 0.243229 0.241667
0 0.735677 0.462500 0.117188 0.132407
