0 0.816797 0.758333 0.085156 0.133333
0 0.635625 0.110694 0.044375 0.048056
0 0.777734 0.182639 0.053906 0.056944
0 0.321875 0.155556 0.045312 0.061111
0 0.693555 0.166389 0.044141 0.043889
0 0.859141 0.237847 0.047969 0.071250
0 0.717187 0.193056 0.048438 0.050000
0 0.436719 0.238194 0.050000 0.070833
0 0.562891 0.052083 0.049219 0.048611
0 0.954297 0.516667 0.044531 0.080556
0 0.713711 0.100417 0.043047 0.046389
0 0.539453 0.037500 0.036719 0.030556
0 0.310547 0.075000 0.033594 0.044444
0 0.584375 0.071528 0.042188 0.045833
0 0.527344 0.023611 0.048438 0.036111
0 0.693555 0.041250 0.038672 0.040833
0 0.719023 0.057014 0.040078 0.044583
0 0.791613 0.129771 0.041133 0.044708
0 0.740613 0.084750 0.034367 0.039278
0 0.673492 0.024618 0.036031 0.038681
0 0.655301 0.014125 0.039773 0.028250
0 0.607203 0.089285 0.044187 0.043514
0 0.511172 0.012917 0.045891 0.025833
