0 0.123560 0.940458 0.043703 0.081454
0 0.088315 0.880315 0.040880 0.076444
0 0.056948 0.820787 0.034542 0.067667
0 0.026638 0.759384 0.037359 0.072676
0 0.020294 0.641588 0.037359 0.047620
0 0.188760 0.429815 0.021854 0.022556
0 0.165146 0.417282 0.021146 0.025065
0 0.724828 0.538833 0.031010 0.040093
0 0.756901 0.554500 0.031719 0.046370
0 0.791792 0.560764 0.023969 0.048880
0 0.820693 0.570787 0.022552 0.041352
0 0.849240 0.578935 0.023260 0.052630
0 0.877083 0.593972 0.023969 0.050130
0 0.904576 0.607130 0.019734 0.046370
0 0.935943 0.609009 0.021854 0.052630
0 0.965547 0.611519 0.019031 0.052630
0 0.979073 0.794477 0.041854 0.062657
