0 0.348473 0.766875 0.095867 0.152889
0 0.543375 0.535042 0.079656 0.112778
0 0.129953 0.651604 0.104312 0.145403
0 0.474293 0.622778 0.085289 0.127778
0 0.510598 0.568257 0.084586 0.126569
0 0.608187 0.445444 0.079719 0.111528
0 0.798543 0.522514 0.034539 0.090222
0 0.796430 0.927903 0.074016 0.144111
0 0.800977 0.616500 0.035312 0.100250
0 0.437250 0.681667 0.090297 0.122806
0 0.570523 0.494271 0.074734 0.099097
0 0.736523 0.761861 0.057109 0.120306
0 0.711102 0.317625 0.045891 0.073944
0 0.718504 0.523139 0.036727 0.119056
