0 0.294141 0.034028 0.032031 0.040278
0 0.050246 0.167271 0.026852 0.043986
0 0.058035 0.120285 0.022555 0.032708
0 0.031602 0.148535 0.020438 0.041347
0 0.861957 0.051979 0.021852 0.043986
0 0.880957 0.039458 0.020508 0.038972
0 0.860551 0.016326 0.017617 0.027569
0 0.050633 0.030681 0.017625 0.036472
0 0.140152 0.027542 0.021852 0.027694
0 0.116855 0.027549 0.019102 0.030208
0 0.102090 0.026917 0.017617 0.028944
0 0.641797 0.341667 0.138281 0.113889
0 0.485547 0.281944 0.116406 0.105556
0 0.362500 0.234722 0.073438 0.108333
0 0.455078 0.070139 0.032031 0.048611
0 0.054688 0.659722 0.109375 0.222222
0 0.221875 0.045139 0.042188 0.040278
1 0.606250 0.226389 0.137500 0.136111
0 0.389453 0.052778 0.044531 0.050000
0 0.912500 0.077083 0.026562 0.045833
0 0.770703 0.066667 0.052344 0.061111
0 0.341797 0.039583 0.046094 0.051389
0 0.931641 0.125694 0.027344 0.062500
0 0.267188 0.021528 0.042188 0.043056
0 0.317434 0.031937 0.035242 0.043986
0 0.192668 0.028799 0.029602 0.035208
0 0.167293 0.027549 0.028195 0.030208
2 0.823242 0.063889 0.056641 0.097222
