0 0.771105 0.954035 0.095945 0.091931
0 0.813426 0.708347 0.084727 0.124444
0 0.678078 0.658750 0.072500 0.114000
0 0.444098 0.392021 0.061727 0.093986
0 0.717262 0.190132 0.044055 0.046986
0 0.860199 0.238861 0.046992 0.069611
0 0.791668 0.130083 0.041117 0.043500
0 0.741004 0.084396 0.033773 0.037431
0 0.659500 0.140090 0.048953 0.047875
0 0.635270 0.111806 0.040633 0.041778
0 0.373848 0.154451 0.040680 0.048736
0 0.585480 0.071722 0.037398 0.042361
0 0.718395 0.060847 0.038070 0.049611
0 0.692391 0.041813 0.037734 0.042958
0 0.673863 0.025187 0.037398 0.038736
0 0.656020 0.014125 0.039773 0.028250
0 0.562367 0.053597 0.046234 0.044778
0 0.540949 0.039090 0.033992 0.031486
0 0.525992 0.024285 0.041469 0.036931
0 0.510355 0.013819 0.044195 0.027639
