0 0.525698 0.411667 0.016208 0.026296
0 0.457292 0.609722 0.055208 0.052778
0 0.511979 0.666204 0.032292 0.076852
0 0.431771 0.491204 0.018750 0.034259
0 0.526755 0.446731 0.015510 0.018796
0 0.581737 0.444222 0.018328 0.026315
0 0.603234 0.481815 0.043000 0.038852
0 0.528518 0.476806 0.021849 0.041352
0 0.422432 0.464898 0.019740 0.032574
0 0.593719 0.357130 0.011281 0.027574
0 0.573279 0.362144 0.011276 0.020046
0 0.486719 0.736574 0.066146 0.071296
0 0.553898 0.358380 0.011995 0.022556
0 0.537680 0.359634 0.011984 0.020046
0 0.457677 0.576426 0.057802 0.042611
0 0.609578 0.704875 0.038771 0.104009
0 0.520060 0.358380 0.011984 0.022556
