0 0.370997 0.359653 0.028214 0.027546
0 0.294154 0.407903 0.032422 0.036361
0 0.464388 0.382782 0.026078 0.036472
0 0.230013 0.464926 0.054984 0.042611
0 0.312133 0.398514 0.024672 0.032583
0 0.328698 0.389727 0.025375 0.032602
0 0.355471 0.372819 0.033859 0.031324
0 0.248685 0.429829 0.037370 0.037565
0 0.396013 0.443560 0.062734 0.047750
0 0.439716 0.371519 0.033130 0.048963
0 0.360417 0.672255 0.069083 0.171806
0 0.375570 0.369000 0.016214 0.026444
0 0.360419 0.413486 0.035245 0.042731
0 0.270904 0.417306 0.019755 0.037593
0 0.261734 0.483722 0.053573 0.052630
0 0.488018 0.387157 0.031047 0.035241
