0 0.372758 0.234924 0.028969 0.071431
0 0.657215 0.270014 0.060617 0.043861
0 0.773871 0.303840 0.057102 0.051375
0 0.799563 0.046944 0.033906 0.043861
1 0.648016 0.330785 0.117078 0.102764
1 0.103816 0.231174 0.073383 0.069042
0 0.414367 0.243458 0.028125 0.066667
0 0.462250 0.236194 0.027563 0.061528
0 0.331859 0.252465 0.028938 0.071431
0 0.582121 0.244340 0.027492 0.057764
0 0.735422 0.016875 0.033906 0.031333
0 0.503867 0.239931 0.028969 0.068917
1 0.021617 0.239958 0.043234 0.071556
0 0.600859 0.897917 0.085156 0.154167
