0 0.502102 0.044444 0.016984 0.018806
0 0.313547 0.486174 0.054344 0.057653
2 0.029477 0.392813 0.047297 0.086458
0 0.062605 0.573271 0.052930 0.051375
0 0.141906 0.546951 0.055047 0.056403
0 0.551090 0.703597 0.031789 0.099000
2 0.562020 0.135917 0.032492 0.033833
0 0.609949 0.165368 0.024039 0.030069
0 0.584574 0.172264 0.022633 0.023806
0 0.713250 0.340812 0.024672 0.025069
0 0.714309 0.379035 0.025383 0.026319
0 0.551094 0.289431 0.038844 0.037583
0 0.510211 0.295694 0.040250 0.035083
2 0.612770 0.393437 0.050820 0.060153
1 0.507387 0.424771 0.057164 0.060153
0 0.443598 0.447326 0.052227 0.050125
0 0.591660 0.713618 0.029602 0.096486
0 0.552500 0.098958 0.020516 0.022556
2 0.753430 0.279410 0.030312 0.040097
