2 0.130289 0.858444 0.131812 0.210500
0 0.054863 0.313889 0.027492 0.051500
0 0.056273 0.293840 0.047234 0.076569
0 0.041473 0.286319 0.028898 0.043972
0 0.044289 0.267583 0.030313 0.031333
0 0.037945 0.265083 0.030312 0.043861
0 0.045664 0.241271 0.021922 0.023819
0 0.096770 0.212389 0.016992 0.028944
0 0.125668 0.172910 0.018398 0.025181
0 0.074598 0.195528 0.014805 0.022556
0 0.103855 0.158500 0.015508 0.026444
0 0.090812 0.124035 0.011984 0.020181
0 0.141180 0.751924 0.095938 0.097736
0 0.126375 0.629743 0.088891 0.141597
0 0.400961 0.446097 0.099391 0.105389
0 0.663883 0.412882 0.093750 0.079069
0 0.968867 0.511944 0.062266 0.099000
0 0.952891 0.196160 0.027484 0.061403
0 0.987781 0.217465 0.023969 0.048875
0 0.832672 0.086444 0.055047 0.057778
0 0.019148 0.460569 0.038297 0.073944
0 0.073191 0.374104 0.038773 0.063903
0 0.114777 0.285694 0.028898 0.057778
0 0.065086 0.312639 0.032422 0.049000
