0 0.019500 0.877861 0.039000 0.146611
0 0.087289 0.739326 0.092344 0.170542
0 0.156016 0.600229 0.081766 0.147986
0 0.390391 0.510007 0.062734 0.102875
0 0.848566 0.428611 0.066961 0.057639
1 0.020992 0.221785 0.040250 0.067792
0 0.095043 0.311444 0.059914 0.056389
0 0.193023 0.327111 0.074016 0.055139
0 0.289590 0.335250 0.089523 0.078944
0 0.426691 0.317083 0.074711 0.057639
0 0.494715 0.251236 0.035945 0.049000
0 0.559914 0.198604 0.026781 0.046486
0 0.557766 0.121535 0.039547 0.030208
0 0.423133 0.216146 0.057875 0.041486
0 0.455203 0.206743 0.040250 0.035208
0 0.461898 0.182938 0.048000 0.030208
0 0.466516 0.172285 0.057094 0.036458
0 0.485164 0.161007 0.040953 0.028958
0 0.500316 0.144090 0.041664 0.035208
