0 0.585227 0.078306 0.034391 0.025278
0 0.495844 0.109715 0.031531 0.020264
0 0.544949 0.078132 0.032914 0.024597
0 0.334566 0.182625 0.032273 0.030417
0 0.366918 0.159118 0.033508 0.028014
0 0.383461 0.143257 0.029953 0.029597
0 0.406551 0.127979 0.032680 0.025958
0 0.442590 0.100014 0.031852 0.026917
0 0.486160 0.069847 0.021398 0.022194
0 0.495066 0.060826 0.024195 0.022486
0 0.522480 0.054354 0.026289 0.021208
0 0.227414 0.885750 0.047672 0.163500
0 0.769012 0.040306 0.035008 0.024528
0 0.800492 0.013486 0.029797 0.022222
0 0.783844 0.024583 0.033703 0.027778
0 0.629793 0.226576 0.046664 0.059931
0 0.605789 0.215549 0.045578 0.056097
0 0.473184 0.191500 0.057445 0.050778
0 0.425434 0.114250 0.028305 0.023972
1 0.262836 0.265111 0.057000 0.067389
0 0.173129 0.281889 0.022148 0.027861
0 0.159250 0.276139 0.016453 0.027861
0 0.142660 0.268465 0.017258 0.026903
0 0.121621 0.266306 0.014023 0.022583
0 0.112047 0.262743 0.011594 0.023125
0 0.162891 0.947847 0.055469 0.104306
0 0.525305 0.180007 0.045797 0.034153
0 0.583703 0.136687 0.043688 0.034125
0 0.560527 0.164882 0.040461 0.037458
0 0.442969 0.154861 0.037500 0.029167
0 0.502398 0.136590 0.039109 0.036486
0 0.521551 0.125569 0.034258 0.029778
0 0.458430 0.140167 0.033094 0.029972
0 0.511895 0.096875 0.032305 0.023861
0 0.471496 0.076778 0.026695 0.024417
0 0.458691 0.091208 0.026398 0.023306
0 0.466414 0.163188 0.035922 0.028625
0 0.552855 0.096396 0.039023 0.033875
0 0.474320 0.124715 0.033406 0.030264
