0 0.583176 0.135319 0.040883 0.030194
0 0.798695 0.012007 0.032313 0.024014
0 0.787535 0.023493 0.028789 0.021931
0 0.773258 0.030174 0.037594 0.032375
0 0.529949 0.082312 0.032680 0.023931
0 0.521586 0.052937 0.026562 0.026097
0 0.497316 0.058736 0.025336 0.021750
0 0.482836 0.067076 0.028188 0.022486
0 0.469777 0.077590 0.029820 0.023208
0 0.509516 0.094653 0.035953 0.031333
0 0.492949 0.110882 0.035242 0.028958
0 0.577152 0.075167 0.031789 0.022694
0 0.574363 0.088326 0.028898 0.023931
0 0.556039 0.095215 0.033125 0.030208
0 0.537008 0.110257 0.038766 0.030208
0 0.520086 0.125917 0.037359 0.028944
0 0.454891 0.085819 0.031016 0.023944
0 0.440086 0.096472 0.023969 0.025194
0 0.503527 0.136569 0.040883 0.037722
0 0.421758 0.110257 0.038063 0.032708
0 0.399906 0.129049 0.035250 0.022681
0 0.377703 0.146590 0.031719 0.022681
0 0.110547 0.258750 0.011984 0.026444
0 0.121121 0.260632 0.014805 0.025181
0 0.133105 0.263764 0.014805 0.028944
0 0.229297 0.868750 0.047656 0.151389
0 0.844922 0.489653 0.088281 0.104306
0 0.243359 0.377778 0.039844 0.052778
1 0.298047 0.272917 0.064844 0.076389
0 0.167578 0.945139 0.052344 0.106944
0 0.210547 0.394444 0.049219 0.069444
0 0.161719 0.340972 0.029687 0.048611
0 0.483594 0.151389 0.037500 0.030556
0 0.442188 0.156250 0.043750 0.031944
0 0.560156 0.165972 0.043750 0.037500
0 0.189570 0.281250 0.028672 0.034722
0 0.180270 0.376563 0.029180 0.043458
0 0.143996 0.267208 0.014977 0.026639
0 0.156219 0.271417 0.020500 0.029444
0 0.166484 0.278424 0.018906 0.029431
0 0.333656 0.181688 0.031547 0.032236
0 0.390828 0.211132 0.041797 0.037847
0 0.516609 0.183090 0.047312 0.035042
0 0.362438 0.163389 0.032328 0.018361
