0 0.843656 0.811361 0.037359 0.068917
0 0.195125 0.810104 0.078313 0.071431
0 0.270910 0.799451 0.049430 0.050125
0 0.142258 0.830153 0.050125 0.066417
0 0.234598 0.805097 0.050117 0.051389
0 0.383684 0.845201 0.093117 0.071431
0 0.348121 0.857104 0.092336 0.070181
0 0.611715 0.733667 0.030383 0.026306
0 0.603254 0.739313 0.030383 0.027569
0 0.593387 0.749333 0.030383 0.032583
0 0.559906 0.748076 0.052234 0.037597
0 0.464391 0.792562 0.052937 0.041347
0 0.438660 0.802590 0.069148 0.053875
0 0.419629 0.811361 0.074789 0.048861
0 0.413637 0.827028 0.062805 0.055139
