0 0.028516 0.920139 0.057031 0.123611
0 0.670312 0.188889 0.057813 0.075000
1 0.170703 0.492361 0.207031 0.287500
0 0.816797 0.151389 0.035156 0.058333
0 0.740625 0.215278 0.059375 0.069444
0 0.122887 0.067021 0.029602 0.048986
0 0.107730 0.036944 0.024664 0.041472
0 0.171875 0.152778 0.046875 0.083333
0 0.774219 0.170833 0.035937 0.066667
0 0.194531 0.106944 0.050000 0.069444
0 0.142187 0.023611 0.032813 0.047222
0 0.842969 0.127083 0.029687 0.045833
0 0.164453 0.061111 0.032031 0.044444
0 0.824254 0.082049 0.031008 0.038958
0 0.867598 0.102111 0.021852 0.036472
1 0.840109 0.028215 0.037359 0.056431
0 0.140859 0.107750 0.027484 0.057778
