0 0.012500 0.752500 0.025000 0.075000
0 0.721094 0.890625 0.087500 0.098750
0 0.491406 0.875000 0.098437 0.107500
0 0.703906 0.768750 0.073438 0.080000
0 0.538672 0.750625 0.085156 0.086250
0 0.836328 0.820000 0.063281 0.080000
0 0.564844 0.720625 0.092188 0.071250
0 0.360938 0.853125 0.079687 0.116250
0 0.395703 0.814375 0.094531 0.123750
0 0.630859 0.681875 0.066406 0.068750
0 0.596484 0.695625 0.085156 0.083750
0 0.493359 0.776250 0.083594 0.090000
0 0.448047 0.799375 0.089844 0.088750
0 0.664062 0.668125 0.076563 0.068750
0 0.889453 0.905000 0.107031 0.092500
0 0.928906 0.823125 0.085938 0.078750
0 0.749059 0.974938 0.109648 0.050125
0 0.832863 0.971175 0.112789 0.057650
0 0.870027 0.949250 0.102680 0.088975
0 0.555609 0.983081 0.087719 0.033838
0 0.950344 0.793856 0.076750 0.073937
0 0.955398 0.757519 0.080750 0.066412
0 0.676574 0.640975 0.066648 0.071425
0 0.706375 0.636594 0.055609 0.057638
0 0.729090 0.619050 0.060305 0.060150
0 0.796012 0.616481 0.047070 0.052762
0 0.740051 0.600875 0.060305 0.048875
0 0.875508 0.546369 0.036891 0.037587
0 0.757637 0.582712 0.064305 0.040100
0 0.770598 0.567669 0.057180 0.047613
0 0.785047 0.555769 0.054906 0.056388
0 0.807762 0.547619 0.047070 0.042612
0 0.823465 0.541356 0.050133 0.042612
0 0.832824 0.531325 0.050211 0.040100
0 0.844613 0.517544 0.053258 0.032587
0 0.857102 0.499375 0.048641 0.041350
0 0.873199 0.492419 0.041508 0.037712
0 0.889648 0.477444 0.043078 0.032587
0 0.769031 0.363406 0.032109 0.022563
