0 0.198332 0.213618 0.026789 0.038847
0 0.666379 0.040681 0.039477 0.046361
0 0.155684 0.223639 0.027492 0.043861
0 0.698805 0.018125 0.031016 0.031333
0 0.065426 0.311361 0.033195 0.048861
0 0.197273 0.258097 0.030313 0.045111
0 0.225824 0.225521 0.039477 0.050125
0 0.180711 0.203597 0.023969 0.033833
0 0.177535 0.237424 0.027492 0.041347
1 0.967469 0.473639 0.065062 0.177944
0 0.952914 0.196694 0.027484 0.055139
0 0.039379 0.286299 0.030305 0.043847
0 0.042516 0.270007 0.035312 0.041347
0 0.157098 0.191062 0.027492 0.028819
0 0.133832 0.211736 0.021852 0.037583
0 0.041805 0.244958 0.031078 0.031306
1 0.058043 0.293813 0.046555 0.083958
0 0.052066 0.315125 0.023258 0.046361
