0 0.296094 0.831944 0.104688 0.161111
0 0.542969 0.536111 0.082812 0.122222
0 0.736512 0.770007 0.054273 0.126569
0 0.022266 0.443125 0.044531 0.108194
0 0.569531 0.495139 0.085938 0.109722
0 0.211328 0.906944 0.100781 0.180556
0 0.796875 0.522222 0.037500 0.091667
0 0.712109 0.208333 0.030469 0.047222
0 0.436719 0.683333 0.092188 0.133333
0 0.428516 0.475694 0.074219 0.095833
0 0.510156 0.571528 0.087500 0.131944
0 0.339453 0.770139 0.108594 0.156944
0 0.471875 0.624306 0.092188 0.126389
0 0.794609 0.926444 0.079687 0.136833
0 0.609375 0.445139 0.082812 0.120833
