0 0.969070 0.664148 0.041589 0.050130
0 0.384115 0.635648 0.034896 0.089815
0 0.349219 0.636111 0.033854 0.077778
0 0.386979 0.755556 0.035417 0.107407
0 0.433073 0.759722 0.031771 0.086111
0 0.308594 0.629167 0.035937 0.082407
0 0.235417 0.635648 0.036458 0.080556
0 0.988542 0.727778 0.022917 0.050000
0 0.427083 0.638889 0.038542 0.092593
0 0.326042 0.731481 0.038542 0.079630
0 0.163802 0.709722 0.042188 0.067593
0 0.477083 0.654630 0.035417 0.096296
0 0.207292 0.481481 0.030208 0.053704
0 0.244792 0.481019 0.030208 0.049074
0 0.114036 0.433843 0.047865 0.055093
0 0.146117 0.458005 0.026786 0.046361
0 0.170786 0.454875 0.031010 0.047620
0 0.305068 0.482444 0.023260 0.060148
0 0.349828 0.479310 0.023969 0.061398
0 0.389302 0.472417 0.025375 0.057648
0 0.472479 0.471792 0.019740 0.051380
0 0.911271 0.756875 0.048635 0.077694
0 0.962729 0.616528 0.034542 0.042611
0 0.954974 0.573292 0.040177 0.043861
0 0.899992 0.491838 0.031724 0.043861
0 0.878495 0.493093 0.029604 0.038852
0 0.856995 0.503745 0.035948 0.057639
0 0.827391 0.499986 0.034542 0.055139
0 0.800250 0.504370 0.036656 0.056389
0 0.762891 0.496227 0.038062 0.060157
0 0.728000 0.497477 0.035948 0.055139
0 0.695221 0.503116 0.026786 0.051380
0 0.659625 0.498736 0.034542 0.055139
