0 0.227865 0.617130 0.034896 0.073148
0 0.282813 0.736574 0.040625 0.099074
0 0.234635 0.730556 0.051562 0.098148
0 0.445573 0.744444 0.038021 0.100000
0 0.335677 0.754167 0.035937 0.091667
0 0.983073 0.688889 0.033854 0.050000
0 0.985938 0.728241 0.028125 0.049074
0 0.378646 0.739815 0.037500 0.116667
0 0.264583 0.632407 0.037500 0.083333
0 0.346354 0.648148 0.030208 0.081481
0 0.428906 0.639352 0.039062 0.095370
0 0.302083 0.634259 0.036458 0.087037
0 0.819271 0.503704 0.034375 0.053704
0 0.083854 0.586111 0.047917 0.055556
0 0.846354 0.500000 0.034375 0.057407
0 0.967448 0.649259 0.044271 0.051481
0 0.604948 0.502778 0.028646 0.079630
0 0.873958 0.499537 0.031250 0.049074
0 0.390625 0.470833 0.026042 0.060185
0 0.278125 0.488426 0.029167 0.052778
0 0.388281 0.645370 0.030729 0.083333
0 0.580469 0.634259 0.025521 0.074074
0 0.164583 0.707407 0.042708 0.075926
0 0.759115 0.510185 0.029687 0.057407
0 0.035096 0.782565 0.064141 0.063907
0 0.004685 0.864648 0.009370 0.042611
0 0.961318 0.613394 0.037354 0.036343
0 0.899992 0.499986 0.035953 0.052639
0 0.788974 0.503120 0.033833 0.053889
0 0.472831 0.656000 0.026078 0.083963
0 0.517591 0.630940 0.033839 0.088972
0 0.556711 0.491843 0.024672 0.061407
0 0.661378 0.501861 0.032443 0.058907
0 0.424547 0.473042 0.021146 0.051380
0 0.457312 0.476801 0.020458 0.043861
0 0.491510 0.489338 0.021146 0.058898
0 0.525698 0.491218 0.027490 0.062657
0 0.313526 0.487454 0.023260 0.052630
0 0.343836 0.483069 0.026078 0.068917
0 0.248677 0.473671 0.030312 0.065157
0 0.178885 0.454875 0.031708 0.050120
0 0.147174 0.459259 0.028901 0.048870
0 0.115099 0.436079 0.042292 0.050120
0 0.035096 0.462394 0.031724 0.047620
1 0.015961 0.552616 0.031922 0.085213
0 0.009971 0.464898 0.019943 0.042611
