0 0.046723 0.020035 0.019805 0.030208
2 0.084078 0.011924 0.033906 0.023847
0 0.859844 0.169840 0.026078 0.048875
0 0.402020 0.010674 0.040883 0.021347
0 0.480266 0.036944 0.043703 0.049000
0 0.519383 0.060125 0.038766 0.050250
1 0.873590 0.235632 0.053570 0.105264
0 0.123438 0.031250 0.026562 0.034722
0 0.563281 0.086806 0.056250 0.054167
0 0.813281 0.374306 0.062500 0.081944
0 0.621094 0.016667 0.050000 0.033333
0 0.777813 0.167639 0.054063 0.056389
0 0.431250 0.017361 0.037500 0.034722
0 0.761719 0.088194 0.035937 0.051389
0 0.731641 0.068056 0.035156 0.052778
0 0.699219 0.047917 0.031250 0.048611
0 0.795195 0.113889 0.033047 0.058333
0 0.456250 0.023611 0.043750 0.047222
0 0.895090 0.190514 0.021852 0.042611
