0 0.863672 0.175000 0.028906 0.050000
0 0.690234 0.512500 0.083594 0.127778
0 0.539062 0.536111 0.095312 0.130556
0 0.490625 0.752083 0.114062 0.165278
0 0.070703 0.631944 0.092969 0.141667
0 0.824219 0.201389 0.040625 0.063889
0 0.716797 0.325694 0.064844 0.084722
0 0.837500 0.274306 0.043750 0.070833
0 0.161328 0.150694 0.049219 0.073611
0 0.882031 0.138194 0.028125 0.040278
0 0.705469 0.115972 0.042188 0.056944
0 0.217188 0.125000 0.048438 0.088889
0 0.933594 0.126389 0.018750 0.033333
0 0.871484 0.034722 0.021094 0.030556
0 0.155859 0.045139 0.032031 0.051389
0 0.183594 0.087500 0.039062 0.061111
0 0.904254 0.107118 0.020445 0.033958
0 0.904254 0.060125 0.016211 0.027694
0 0.920113 0.083937 0.016914 0.030208
1 0.950070 0.074542 0.026078 0.051500
0 0.977207 0.082687 0.011273 0.020181
0 0.138395 0.098354 0.029602 0.054014
0 0.124293 0.062069 0.028195 0.056389
0 0.110195 0.038264 0.019734 0.046361
