0 0.682422 0.569444 0.100781 0.136111
0 0.294141 0.354167 0.072656 0.119444
0 0.334766 0.302778 0.069531 0.097222
0 0.206641 0.220833 0.052344 0.088889
0 0.242969 0.178472 0.050000 0.081944
0 0.761328 0.193750 0.046094 0.070833
0 0.045312 0.902778 0.090625 0.152778
0 0.796875 0.163194 0.039062 0.056944
0 0.130078 0.093056 0.038281 0.058333
1 0.739844 0.134028 0.078125 0.109722
1 0.865133 0.036944 0.029609 0.064028
0 0.185934 0.088951 0.037430 0.057764
0 0.105582 0.031306 0.026148 0.042722
0 0.127785 0.013181 0.026852 0.026361
