0 0.890898 0.906806 0.126016 0.180833
0 0.371695 0.013139 0.028266 0.026278
0 0.392527 0.113368 0.023258 0.053875
0 0.372789 0.082667 0.031719 0.047611
0 0.495090 0.010632 0.032430 0.021264
0 0.528570 0.020007 0.050047 0.037597
1 0.426328 0.144694 0.057172 0.109028
0 0.295918 0.366500 0.024727 0.071417
0 0.308277 0.037549 0.025477 0.040097
0 0.331168 0.027528 0.026148 0.045111
0 0.454766 0.336111 0.093906 0.094444
0 0.511328 0.383333 0.105469 0.111111
0 0.336328 0.460417 0.060156 0.095833
0 0.428125 0.071528 0.039062 0.043056
0 0.363281 0.459722 0.114062 0.100000
0 0.742969 0.240972 0.089063 0.095833
0 0.935156 0.151389 0.037500 0.036111
0 0.470703 0.112500 0.049219 0.052778
2 0.219297 0.416111 0.158906 0.217778
