0 0.962727 0.258759 0.045818 0.041352
0 0.628964 0.214898 0.033833 0.046370
0 0.601826 0.199231 0.038766 0.045111
0 0.534508 0.177306 0.038068 0.043852
0 0.543674 0.187329 0.043703 0.036343
0 0.680068 0.253116 0.062740 0.047620
0 0.415625 0.686574 0.212500 0.232407
0 0.859896 0.785648 0.191667 0.349074
0 0.624479 0.552315 0.146875 0.158333
0 0.132552 0.861111 0.244271 0.238889
0 0.955990 0.581481 0.088021 0.177778
0 0.702865 0.285648 0.085938 0.067593
0 0.807292 0.325463 0.093750 0.067593
0 0.819010 0.403241 0.079687 0.108333
0 0.602604 0.250463 0.065625 0.058333
0 0.924867 0.318454 0.037974 0.055315
0 0.738542 0.239815 0.064583 0.061111
0 0.994531 0.290278 0.010937 0.032407
0 0.946161 0.302620 0.033833 0.061407
0 0.942638 0.273171 0.053568 0.040102
0 0.984008 0.251866 0.031984 0.040102
0 0.661740 0.222417 0.044406 0.046370
