0 0.566406 0.604167 0.120313 0.108333
0 0.501172 0.326389 0.074219 0.080556
0 0.517578 0.252778 0.064844 0.077778
0 0.376172 0.343056 0.069531 0.088889
0 0.592187 0.181944 0.059375 0.075000
0 0.583594 0.145139 0.057813 0.068056
0 0.079687 0.764583 0.082812 0.109722
0 0.685156 0.094931 0.046875 0.065694
0 0.709492 0.667569 0.052891 0.057361
0 0.052066 0.696069 0.061320 0.099000
0 0.739684 0.027528 0.029602 0.037583
0 0.675188 0.075146 0.043000 0.045125
0 0.916016 0.556944 0.107031 0.125000
0 0.919531 0.681250 0.114062 0.140278
0 0.166797 0.754167 0.091406 0.122222
