0 0.101059 0.651583 0.052164 0.090222
0 0.366801 0.841438 0.057805 0.093986
0 0.413289 0.818257 0.060688 0.092736
0 0.444340 0.759986 0.064852 0.091472
0 0.468266 0.712368 0.071969 0.104014
0 0.500375 0.676653 0.055687 0.077694
0 0.539461 0.636549 0.066328 0.087708
0 0.557473 0.592062 0.061320 0.076431
0 0.593387 0.561361 0.054352 0.072694
0 0.615273 0.530660 0.064141 0.073931
0 0.641707 0.489306 0.060617 0.071417
0 0.556766 0.284424 0.045812 0.060153
0 0.778922 0.036472 0.023250 0.028278
0 0.733848 0.018340 0.024477 0.029736
