0 0.526544 0.408245 0.015464 0.034361
0 0.512047 0.360907 0.013531 0.019074
0 0.529445 0.360051 0.011599 0.020787
0 0.545393 0.359190 0.010630 0.022509
0 0.577771 0.375514 0.025125 0.020787
0 0.572456 0.360051 0.010630 0.017361
1 0.594201 0.361769 0.011599 0.024222
0 0.451562 0.839815 0.083333 0.072222
0 0.682292 0.957870 0.075000 0.082407
0 0.565365 0.704630 0.040104 0.092593
0 0.609375 0.711111 0.033333 0.068519
1 0.459375 0.778704 0.091667 0.075926
0 0.456771 0.611111 0.057292 0.048148
0 0.445026 0.671481 0.045260 0.060741
0 0.513281 0.671296 0.031771 0.066667
0 0.439063 0.527315 0.050000 0.045370
0 0.486438 0.501032 0.045427 0.034361
0 0.585984 0.464005 0.018365 0.036250
0 0.414432 0.475259 0.021260 0.034370
0 0.430380 0.443384 0.018365 0.032824
0 0.527995 0.467440 0.018365 0.043120
0 0.526062 0.439176 0.016427 0.027500
0 0.569073 0.403866 0.013531 0.022509
