0 0.353703 0.488079 0.023260 0.051380
0 0.389302 0.473046 0.023969 0.061407
0 0.422078 0.474921 0.023260 0.055139
0 0.455208 0.468648 0.021854 0.050111
0 0.483768 0.472417 0.022536 0.052630
0 0.681125 0.500611 0.033833 0.056389
0 0.716016 0.505625 0.031719 0.053880
0 0.989997 0.734324 0.020005 0.042611
0 0.984711 0.700491 0.030578 0.045111
0 0.946161 0.577056 0.040885 0.048870
0 0.889771 0.496856 0.028198 0.043861
0 0.865805 0.500005 0.036651 0.055176
0 0.839021 0.503745 0.036656 0.055139
0 0.806242 0.499361 0.034536 0.048870
0 0.744214 0.499986 0.035948 0.052639
0 0.230703 0.717407 0.042292 0.076444
0 0.272292 0.724296 0.040885 0.090222
0 0.322328 0.726176 0.040906 0.104019
0 0.364279 0.729940 0.038766 0.104009
0 0.193341 0.597731 0.052161 0.052630
0 0.253609 0.629060 0.041594 0.087713
1 0.303305 0.622167 0.045109 0.111537
0 0.779456 0.509384 0.034536 0.051380
0 0.360401 0.629060 0.038063 0.097750
1 0.412211 0.627181 0.038766 0.131583
0 0.451331 0.645977 0.032422 0.091472
0 0.495388 0.639690 0.030307 0.089009
1 0.115102 0.434824 0.043703 0.052630
0 0.029810 0.573921 0.043703 0.050120
0 0.082677 0.587079 0.045115 0.048880
0 0.172901 0.459889 0.029604 0.052630
