2 0.839426 0.765625 0.090930 0.145361
0 0.599727 0.740556 0.037422 0.032583
0 0.560254 0.750583 0.048711 0.032583
0 0.526070 0.777521 0.033906 0.038847
0 0.500375 0.796319 0.038766 0.056389
0 0.436195 0.803215 0.067031 0.047625
0 0.446418 0.790688 0.067742 0.050125
0 0.419633 0.814493 0.073375 0.050125
0 0.403770 0.828278 0.086773 0.057639
0 0.380859 0.843285 0.090297 0.065097
0 0.345617 0.860861 0.098750 0.065167
0 0.263148 0.795694 0.053641 0.055139
0 0.225434 0.806347 0.062805 0.053889
1 0.099164 0.835799 0.198328 0.180458
