0 0.717187 0.191667 0.048438 0.050000
0 0.588789 0.943542 0.105547 0.110139
0 0.837891 0.548611 0.066406 0.088889
0 0.651953 0.138194 0.053906 0.045833
0 0.786719 0.695833 0.090625 0.091667
0 0.792578 0.133333 0.039844 0.050000
0 0.632031 0.111111 0.045312 0.050000
0 0.718359 0.059722 0.039844 0.050000
0 0.857812 0.240278 0.054688 0.063889
0 0.924219 0.543750 0.043750 0.084722
0 0.585938 0.431944 0.068750 0.102778
0 0.741406 0.080556 0.035937 0.044444
0 0.655859 0.013194 0.038281 0.026389
0 0.526953 0.021528 0.049219 0.043056
0 0.697266 0.040278 0.046094 0.041667
0 0.557813 0.051389 0.045312 0.047222
0 0.378395 0.254340 0.048711 0.072681
0 0.603992 0.088313 0.044406 0.041347
0 0.583555 0.075160 0.044406 0.032542
0 0.543020 0.036924 0.040883 0.036347
0 0.504957 0.013139 0.038070 0.026278
