0 0.779578 0.064118 0.027422 0.034764
0 0.754395 0.086701 0.029648 0.040764
0 0.726980 0.119257 0.030570 0.039542
0 0.697180 0.151736 0.035969 0.045194
0 0.664363 0.188694 0.038664 0.050389
0 0.650199 0.164319 0.041805 0.057583
0 0.483492 0.197847 0.043078 0.034667
0 0.426082 0.167514 0.036336 0.038333
0 0.572844 0.052708 0.032016 0.025000
0 0.404070 0.129639 0.028844 0.027639
0 0.121551 0.264979 0.015055 0.024014
0 0.605020 0.210674 0.044508 0.067181
0 0.796930 0.010597 0.027953 0.021194
0 0.560527 0.164882 0.040461 0.037458
0 0.391273 0.212597 0.040734 0.040806
0 0.521551 0.125569 0.034258 0.029778
0 0.537332 0.110931 0.037758 0.031194
0 0.554434 0.095194 0.039023 0.033889
0 0.566297 0.081319 0.031219 0.030556
0 0.577922 0.075903 0.030125 0.025278
0 0.458430 0.140167 0.033094 0.029972
0 0.511895 0.096875 0.032305 0.023861
0 0.528828 0.083417 0.032781 0.026917
0 0.544598 0.072729 0.025914 0.019431
0 0.437539 0.098986 0.029984 0.025528
0 0.471496 0.076778 0.026695 0.024417
0 0.494594 0.057500 0.028266 0.022472
0 0.778660 0.032826 0.035648 0.026847
0 0.783914 0.023292 0.032953 0.027028
0 0.526328 0.180556 0.044687 0.035833
0 0.583887 0.136479 0.042852 0.033708
0 0.466984 0.163854 0.036187 0.032153
0 0.440078 0.154514 0.027969 0.028472
0 0.504301 0.136590 0.035320 0.036486
0 0.162891 0.947847 0.055469 0.104306
0 0.623453 0.237444 0.048547 0.061583
0 0.488430 0.109806 0.031531 0.029333
0 0.368969 0.158097 0.030500 0.027972
0 0.388242 0.138910 0.030547 0.033569
0 0.421902 0.110153 0.036039 0.030250
0 0.457469 0.089694 0.028844 0.026333
0 0.486949 0.068333 0.023914 0.026389
0 0.523500 0.051875 0.026078 0.020833
0 0.220684 0.888722 0.046289 0.162278
0 0.275281 0.814708 0.051938 0.163639
0 0.814719 0.033069 0.021359 0.028778
