0 0.464372 0.804495 0.081057 0.070176
0 0.528164 0.456755 0.018328 0.036343
0 0.526049 0.490588 0.023964 0.041361
0 0.423841 0.465523 0.021151 0.038843
0 0.567286 0.562644 0.026083 0.067676
0 0.479878 0.499356 0.045818 0.036343
0 0.464729 0.558884 0.045125 0.037602
0 0.456971 0.579560 0.059214 0.046361
0 0.456971 0.610889 0.053568 0.051370
0 0.519000 0.599611 0.029604 0.051370
0 0.511951 0.669162 0.031016 0.077694
0 0.487987 0.738708 0.067672 0.073935
0 0.622268 0.793222 0.041589 0.097741
0 0.520411 0.357755 0.011281 0.021306
0 0.538385 0.359634 0.011979 0.020046
0 0.553893 0.359634 0.013391 0.020046
0 0.572570 0.360889 0.011286 0.020056
0 0.524289 0.410384 0.016214 0.028824
0 0.585612 0.469912 0.020443 0.032583
0 0.581737 0.442343 0.018328 0.025056
