0 0.485547 0.012500 0.042969 0.025000
0 0.528906 0.025694 0.057813 0.048611
0 0.391406 0.021528 0.040625 0.043056
0 0.306250 0.036806 0.029687 0.045833
0 0.989309 0.138451 0.021383 0.043986
2 0.947973 0.144007 0.045742 0.062736
0 0.373910 0.134333 0.042508 0.070889
0 0.901172 0.161111 0.047656 0.050000
0 0.844531 0.178472 0.053125 0.048611
0 0.427734 0.070833 0.039844 0.044444
0 0.201953 0.515972 0.107031 0.087500
0 0.902734 0.201389 0.049219 0.055556
0 0.777734 0.204861 0.061719 0.054167
0 0.032422 0.675000 0.063281 0.094444
0 0.835938 0.223611 0.059375 0.061111
0 0.489453 0.132639 0.044531 0.054167
0 0.181641 0.615972 0.117969 0.126389
