0 0.464729 0.382157 0.025396 0.032704
0 0.369229 0.368370 0.027490 0.030204
0 0.360417 0.375264 0.023969 0.031454
0 0.292042 0.410352 0.033833 0.033963
0 0.259266 0.430403 0.028896 0.036472
0 0.374516 0.638421 0.062031 0.121676
0 0.244464 0.496255 0.061323 0.050120
0 0.445354 0.379023 0.023260 0.031454
0 0.372401 0.356468 0.025375 0.018917
0 0.340680 0.382157 0.039474 0.037722
0 0.312133 0.400329 0.033130 0.036472
0 0.233536 0.440426 0.032427 0.038963
0 0.435839 0.368370 0.025375 0.030204
0 0.488706 0.385917 0.028193 0.030204
0 0.576464 0.409102 0.051458 0.036463
