0 0.779297 0.699306 0.078906 0.112500
0 0.796875 0.569444 0.076563 0.086111
0 0.878125 0.490972 0.057813 0.109722
0 0.316797 0.090278 0.038281 0.044444
0 0.923828 0.306250 0.050781 0.062500
0 0.716016 0.194444 0.047656 0.050000
0 0.866016 0.245139 0.050781 0.073611
0 0.691016 0.168750 0.052344 0.048611
0 0.799609 0.133333 0.041406 0.047222
0 0.423281 0.219722 0.047187 0.060556
0 0.529090 0.022125 0.060883 0.043056
0 0.717969 0.066667 0.035937 0.038889
0 0.741797 0.081250 0.035156 0.043056
0 0.541641 0.039583 0.041094 0.037500
0 0.677734 0.028472 0.041406 0.037500
0 0.694922 0.048611 0.039844 0.036111
0 0.602734 0.093750 0.044531 0.045833
0 0.655859 0.013889 0.042969 0.027778
0 0.328254 0.190285 0.042836 0.063097
0 0.586027 0.071694 0.050648 0.047139
0 0.563758 0.057493 0.036031 0.038069
