0 0.991789 0.116500 0.016422 0.030083
0 0.176172 0.414583 0.102344 0.109722
0 0.757422 0.237500 0.072656 0.066667
0 0.757422 0.304167 0.080469 0.083333
0 0.815625 0.184028 0.051562 0.056944
0 0.893359 0.239583 0.061719 0.062500
0 0.964063 0.175000 0.039062 0.044444
0 0.869531 0.205556 0.053125 0.055556
0 0.424609 0.065972 0.036719 0.045833
0 0.921875 0.155556 0.040625 0.044444
0 0.495703 0.137500 0.044531 0.052778
0 0.458984 0.100000 0.033594 0.047222
1 0.541797 0.250556 0.097656 0.112222
0 0.964895 0.119000 0.033133 0.032583
0 0.306848 0.039431 0.025445 0.048861
0 0.330453 0.023764 0.023312 0.035083
0 0.378746 0.021264 0.026867 0.032583
0 0.526809 0.020639 0.049336 0.031333
2 0.028324 0.533799 0.056648 0.150375
0 0.282531 0.010007 0.020516 0.020014
0 0.191797 0.559028 0.113281 0.106944
0 0.623437 0.299306 0.089063 0.081944
