0 0.867949 0.115264 0.035242 0.037722
0 0.281484 0.162264 0.062031 0.074056
0 0.037477 0.887257 0.074953 0.172931
0 0.754113 0.077667 0.045820 0.050250
1 0.861957 0.043840 0.034539 0.070292
2 0.818258 0.027590 0.044406 0.055181
2 0.825660 0.068271 0.039477 0.054014
0 0.772086 0.110882 0.046516 0.064042
0 0.673754 0.103361 0.072602 0.071556
0 0.248707 0.019444 0.035945 0.038889
0 0.443258 0.061382 0.038766 0.060264
0 0.389684 0.054493 0.028898 0.054014
0 0.324836 0.035069 0.033125 0.040222
0 0.301926 0.028174 0.045117 0.043986
0 0.063988 0.037576 0.024742 0.035208
0 0.184211 0.028174 0.031016 0.031458
0 0.110902 0.134687 0.035242 0.046486
2 0.904941 0.057618 0.030273 0.055264
0 0.779488 0.198597 0.069789 0.071556
