0 0.593909 0.358361 0.011161 0.027148
0 0.574229 0.360972 0.012927 0.024019
0 0.555432 0.360454 0.011750 0.018796
0 0.535458 0.357319 0.015271 0.033417
0 0.513432 0.358884 0.019385 0.021935
0 0.510203 0.375593 0.021146 0.024019
0 0.524888 0.412144 0.014099 0.026102
0 0.573055 0.421542 0.015276 0.026102
0 0.526062 0.457046 0.017625 0.034463
0 0.443750 0.821296 0.078125 0.066667
0 0.501823 0.683796 0.033854 0.078704
0 0.469271 0.502778 0.043750 0.033333
0 0.410047 0.476889 0.018208 0.032370
0 0.435896 0.476889 0.018208 0.032370
0 0.457552 0.581019 0.061979 0.054630
0 0.687760 0.839815 0.079687 0.081481
0 0.559115 0.650926 0.030729 0.083333
0 0.452604 0.651389 0.060417 0.056481
